value,ts
1008.24,1542298197756
1008.26,1542298197809
1008.26,1542298197857
1008.28,1542298197915
1008.28,1542298197958
1008.29,1542298198015
1008.27,1542298198062
1008.28,1542298198114
1008.24,1542298198161
1008.24,1542298198214
1008.24,1542298198294
1008.25,1542298198314
1008.26,1542298198364
1008.25,1542298198460
1008.25,1542298198481
1008.25,1542298198515
1008.24,1542298198563
1008.25,1542298198625
1008.24,1542298198672
1008.24,1542298198731
1008.25,1542298198765
1008.22,1542298198854
1008.26,1542298198869
1008.24,1542298198927
1008.24,1542298198972
1008.24,1542298199030
1008.24,1542298199071
1008.26,1542298199123
1008.26,1542298199175
1008.23,1542298199262
1008.21,1542298199270
1008.23,1542298199320
1008.25,1542298199372
1008.25,1542298199429
1008.25,1542298199472
1008.23,1542298199547
1008.22,1542298199572
1008.23,1542298199624
1008.23,1542298199682
1008.21,1542298199723
1008.24,1542298199781
1008.24,1542298199823
1008.25,1542298199878
1008.25,1542298199932
1008.2,1542298199975
1008.2,1542298200033
1008.2,1542298200074
1008.19,1542298200128
1008.22,1542298200178
1008.22,1542298200229
1008.23,1542298200280
1008.23,1542298200329
1008.24,1542298200399
1008.23,1542298200429
1008.2,1542298200479
1008.21,1542298200527
1008.22,1542298200588
1008.22,1542298200642
1008.21,1542298200678
1008.22,1542298200732
1008.23,1542298200789
1008.23,1542298200864
1008.24,1542298200885
1008.25,1542298200956
1008.23,1542298200989
1008.24,1542298201175
1008.25,1542298201175
1008.26,1542298201175
1008.24,1542298201198
1008.25,1542298201245
1008.24,1542298201300
1008.24,1542298201342
1008.25,1542298201390
1008.24,1542298201447
1008.23,1542298201519
1008.26,1542298201548
1008.26,1542298201601
1008.29,1542298201661
1008.28,1542298201687
1008.28,1542298201743
1008.28,1542298201793
1008.27,1542298201872
1008.24,1542298201899
1008.26,1542298201958
1008.25,1542298202016
1008.24,1542298202050
1008.27,1542298202099
1008.3,1542298202164
1008.29,1542298202233
1008.25,1542298202253
1008.24,1542298202305
1008.25,1542298202355
1008.25,1542298202411
1008.24,1542298202456
1008.24,1542298202507
1008.23,1542298202556
1008.25,1542298202607
1008.24,1542298202656
1008.23,1542298202733
1008.22,1542298202759
1008.27,1542298202848
1008.31,1542298202861
1008.32,1542298202942
1008.26,1542298202965
1008.26,1542298203011
1008.23,1542298203060
1008.23,1542298203111
1008.24,1542298203165
1008.21,1542298203210
1008.23,1542298203264
1008.25,1542298203312
1008.25,1542298203360
1008.25,1542298203414
1008.26,1542298203476
1008.3,1542298203514
1008.27,1542298203561
1008.27,1542298203619
1008.27,1542298203752
1008.29,1542298203752
1008.27,1542298203762
1008.27,1542298203811
1008.26,1542298203861
1008.27,1542298203912
1008.26,1542298203964
1008.25,1542298204015
1008.25,1542298204063
1008.31,1542298204113
1008.29,1542298204175
1008.28,1542298204215
1008.3,1542298204266
1008.27,1542298204315
1008.27,1542298204374
1008.26,1542298204415
1008.28,1542298204469
1008.25,1542298204544
1008.27,1542298204569
1008.25,1542298204615
1008.26,1542298204667
1008.29,1542298204718
1008.27,1542298204917
1008.28,1542298204918
1008.28,1542298204918
1008.28,1542298204933
1008.25,1542298204990
1008.23,1542298205028
1008.23,1542298205072
1008.26,1542298205126
1008.27,1542298205177
1008.26,1542298205225
1008.27,1542298205276
1008.27,1542298205330
1008.28,1542298205383
1008.24,1542298205435
1008.22,1542298205489
1008.23,1542298205534
1008.24,1542298205585
1008.24,1542298205677
1008.24,1542298205703
1008.24,1542298205735
1008.24,1542298205781
1008.24,1542298205833
1008.25,1542298205888
1008.25,1542298206039
1008.26,1542298206039
1008.29,1542298206040
1008.28,1542298206086
1008.26,1542298206137
1008.25,1542298206185
1008.27,1542298206243
1008.27,1542298206292
1008.27,1542298206334
1008.25,1542298206392
1008.26,1542298206442
1008.27,1542298206485
1008.27,1542298206563
1008.26,1542298206587
1008.27,1542298206635
1008.31,1542298206685
1008.32,1542298206751
1008.36,1542298206824
1008.37,1542298206844
1008.34,1542298206896
1008.32,1542298206953
1008.29,1542298206993
1008.28,1542298207045
1008.27,1542298207099
1008.22,1542298207146
1008.22,1542298207201
1008.22,1542298207251
1008.24,1542298207307
1008.22,1542298207356
1008.25,1542298207405
1008.26,1542298207474
1008.27,1542298207522
1008.27,1542298207555
1008.24,1542298207605
1008.2,1542298207654
1008.22,1542298207713
1008.2,1542298207760
1008.2,1542298207811
1008.18,1542298207884
1008.2,1542298207935
1008.19,1542298207961
1008.18,1542298208067
1008.2,1542298208091
1008.2,1542298208118
1008.21,1542298208163
1008.23,1542298208214
1008.21,1542298208266
1008.23,1542298208332
1008.21,1542298208368
1008.2,1542298208417
1008.2,1542298208470
1008.2,1542298208535
1008.19,1542298208684
1008.2,1542298208684
1008.19,1542298208698
1008.21,1542298208721
1008.22,1542298208774
1008.21,1542298208835
1008.22,1542298208879
1008.22,1542298208925
1008.3,1542298208979
1008.35,1542298209027
1008.39,1542298209103
1008.32,1542298209134
1008.33,1542298209183
1008.27,1542298209247
1008.25,1542298209285
1008.22,1542298209341
1008.2,1542298209417
1008.24,1542298209443
1008.23,1542298209491
1008.17,1542298209544
1008.18,1542298209591
1008.18,1542298209636
1008.21,1542298209687
1008.22,1542298209739
1008.27,1542298209804
1008.26,1542298209863
1008.25,1542298209894
1008.24,1542298209964
1008.25,1542298209992
1008.24,1542298210044
1008.24,1542298210092
1008.23,1542298210141
1008.23,1542298210193
1008.24,1542298210243
1008.23,1542298210299
1008.24,1542298210353
1008.26,1542298210404
1008.26,1542298210465
1008.23,1542298210501
1008.21,1542298210549
1008.2,1542298210600
1008.2,1542298210654
1008.23,1542298210700
1008.26,1542298210755
1008.24,1542298210801
1008.16,1542298210847
1008.14,1542298210898
1008.14,1542298210978
1008.14,1542298211003
1008.16,1542298211051
1008.19,1542298211104
1008.16,1542298211155
1008.18,1542298211205
1008.17,1542298211268
1008.17,1542298211302
1008.15,1542298211351
1008.14,1542298211402
1008.14,1542298211451
1008.14,1542298211501
1008.14,1542298211552
1008.17,1542298211606
1008.18,1542298211665
1008.17,1542298211706
1008.16,1542298211754
1008.14,1542298211805
1008.15,1542298211868
1008.2,1542298211909
1008.18,1542298211961
1008.17,1542298212014
1008.16,1542298212063
1008.16,1542298212112
1008.18,1542298212166
1008.18,1542298212213
1008.19,1542298212264
1008.18,1542298212316
1008.15,1542298212366
1008.14,1542298212416
1008.18,1542298212464
1008.16,1542298212518
1008.18,1542298212564
1008.17,1542298212624
1008.18,1542298212664
1008.18,1542298212714
1008.18,1542298212768
1008.18,1542298212814
1008.18,1542298212865
1008.16,1542298212917
1008.17,1542298212972
1008.2,1542298213046
1008.21,1542298213077
1008.21,1542298213120
1008.18,1542298213169
1008.18,1542298213219
1008.18,1542298213269
1008.17,1542298213320
1008.18,1542298213369
1008.16,1542298213421
1008.16,1542298213506
1008.15,1542298213524
1008.2,1542298213579
1008.22,1542298213623
1008.25,1542298213689
1008.21,1542298213744
1008.18,1542298213783
1008.17,1542298213827
1008.16,1542298213872
1008.18,1542298213928
1008.17,1542298213990
1008.18,1542298214024
1008.17,1542298214087
1008.16,1542298214127
1008.17,1542298214185
1008.16,1542298214227
1008.16,1542298214278
1008.15,1542298214326
1008.14,1542298214381
1008.15,1542298214429
1008.15,1542298214479
1008.15,1542298214533
1008.17,1542298214594
1008.17,1542298214640
1008.17,1542298214684
1008.17,1542298214735
1008.17,1542298214802
1008.17,1542298214842
1008.18,1542298214883
1008.17,1542298214934
1008.18,1542298215002
1008.18,1542298215037
1008.16,1542298215118
1008.14,1542298215152
1008.16,1542298215238
1008.18,1542298215256
1008.19,1542298215309
1008.19,1542298215348
1008.19,1542298215397
1008.2,1542298215449
1008.24,1542298215494
1008.25,1542298215546
1008.26,1542298215599
1008.26,1542298215643
1008.29,1542298215714
1008.3,1542298215744
1008.31,1542298215796
1008.32,1542298215851
1008.32,1542298215902
1008.29,1542298215948
1008.26,1542298216005
1008.28,1542298216050
1008.3,1542298216104
1008.3,1542298216149
1008.32,1542298216210
1008.32,1542298216257
1008.29,1542298216301
1008.27,1542298216354
1008.26,1542298216408
1008.25,1542298216455
1008.25,1542298216506
1008.25,1542298216583
1008.27,1542298216605
1008.3,1542298216663
1008.31,1542298216706
1008.35,1542298216761
1008.34,1542298216832
1008.34,1542298216860
1008.31,1542298216913
1008.29,1542298216961
1008.29,1542298217014
1008.26,1542298217165
1008.2,1542298217166
1008.16,1542298217231
1008.18,1542298217231
1008.15,1542298217266
1008.16,1542298217319
1008.15,1542298217368
1008.14,1542298217411
1008.14,1542298217473
1008.17,1542298217511
1008.14,1542298217567
1008.16,1542298217625
1008.19,1542298217662
1008.2,1542298217717
1008.2,1542298217763
1008.23,1542298217824
1008.24,1542298217871
1008.23,1542298217920
1008.22,1542298217969
1008.23,1542298218018
1008.23,1542298218066
1008.24,1542298218142
1008.26,1542298218171
1008.26,1542298218221
1008.28,1542298218279
1008.28,1542298218326
1008.27,1542298218376
1008.25,1542298218421
1008.28,1542298218475
1008.26,1542298218522
1008.23,1542298218571
1008.2,1542298218631
1008.22,1542298218674
1008.22,1542298218726
1008.22,1542298218773
1008.23,1542298218827
1008.25,1542298218878
1008.26,1542298218930
1008.25,1542298218974
1008.28,1542298219024
1008.3,1542298219075
1008.3,1542298219146
1008.32,1542298219176
1008.29,1542298219226
1008.29,1542298219277
1008.27,1542298219329
1008.26,1542298219381
1008.24,1542298219432
1008.22,1542298219482
1008.23,1542298219527
1008.23,1542298219585
1008.24,1542298219629
1008.23,1542298219678
1008.23,1542298219729
1008.25,1542298219779
1008.23,1542298219831
1008.23,1542298219883
1008.21,1542298219942
1008.22,1542298219982
1008.22,1542298220034
1008.22,1542298220085
1008.23,1542298220160
1008.24,1542298220190
1008.24,1542298220236
1008.25,1542298220287
1008.23,1542298220339
1008.25,1542298220399
1008.24,1542298220440
1008.23,1542298220503
1008.25,1542298220538
1008.23,1542298220587
1008.24,1542298220642
1008.23,1542298220688
1008.25,1542298220737
1008.26,1542298220789
1008.25,1542298220843
1008.25,1542298220899
1008.28,1542298220943
1008.26,1542298220996
1008.28,1542298221064
1008.26,1542298221094
1008.26,1542298221143
1008.26,1542298221212
1008.24,1542298221250
1008.23,1542298221299
1008.23,1542298221355
1008.23,1542298221400
1008.23,1542298221461
1008.23,1542298221498
1008.24,1542298221549
1008.24,1542298221597
1008.25,1542298221650
1008.25,1542298221699
1008.27,1542298221765
1008.26,1542298221809
1008.26,1542298221849
1008.26,1542298221908
1008.26,1542298221953
1008.26,1542298222001
1008.26,1542298222057
1008.26,1542298222103
1008.26,1542298222155
1008.27,1542298222220
1008.26,1542298222262
1008.27,1542298222314
1008.28,1542298222372
1008.26,1542298222413
1008.27,1542298222459
1008.24,1542298222510
1008.25,1542298222564
1008.25,1542298222623
1008.25,1542298222661
1008.24,1542298222710
1008.25,1542298222760
1008.24,1542298222811
1008.26,1542298222863
1008.24,1542298222920
1008.23,1542298222967
1008.23,1542298223014
1008.24,1542298223068
1008.24,1542298223117
1008.24,1542298223166
1008.25,1542298223215
1008.25,1542298223281
1008.25,1542298223321
1008.26,1542298223369
1008.28,1542298223427
1008.26,1542298223469
1008.24,1542298223518
1008.25,1542298223567
1008.25,1542298223623
1008.24,1542298223676
1008.27,1542298223721
1008.27,1542298223767
1008.28,1542298223817
1008.25,1542298223868
1008.24,1542298223925
1008.24,1542298223986
1008.27,1542298224033
1008.27,1542298224070
1008.3,1542298224124
1008.29,1542298224172
1008.28,1542298224218
1008.29,1542298224317
1008.27,1542298224333
1008.26,1542298224371
1008.26,1542298224421
1008.24,1542298224487
1008.27,1542298224524
1008.25,1542298224573
1008.27,1542298224626
1008.26,1542298224677
1008.28,1542298224724
1008.28,1542298224788
1008.27,1542298224831
1008.27,1542298224884
1008.26,1542298224934
1008.26,1542298224991
1008.26,1542298225034
1008.29,1542298225088
1008.26,1542298225134
1008.25,1542298225187
1008.28,1542298225243
1008.29,1542298225287
1008.31,1542298225344
1008.27,1542298225388
1008.26,1542298225439
1008.24,1542298225506
1008.23,1542298225541
1008.21,1542298225592
1008.23,1542298225649
1008.24,1542298225692
1008.27,1542298225750
1008.27,1542298225791
1008.3,1542298225850
1008.3,1542298225893
1008.29,1542298225944
1008.3,1542298226017
1008.28,1542298226048
1008.29,1542298226094
1008.29,1542298226154
1008.29,1542298226202
1008.29,1542298226246
1008.3,1542298226296
1008.3,1542298226344
1008.32,1542298226397
1008.32,1542298226444
1008.28,1542298226494
1008.3,1542298226552
1008.31,1542298226596
1008.33,1542298226650
1008.34,1542298226727
1008.32,1542298226749
1008.33,1542298226800
1008.3,1542298226849
1008.3,1542298226901
1008.3,1542298226951
1008.29,1542298227004
1008.3,1542298227066
1008.31,1542298227105
1008.3,1542298227152
1008.29,1542298227206
1008.28,1542298227254
1008.3,1542298227305
1008.27,1542298227355
1008.26,1542298227405
1008.26,1542298227455
1008.25,1542298227504
1008.27,1542298227554
1008.24,1542298227626
1008.24,1542298227657
1008.24,1542298227706
1008.23,1542298227776
1008.23,1542298227812
1008.22,1542298227862
1008.23,1542298227914
1008.23,1542298227967
1008.24,1542298228016
1008.26,1542298228082
1008.23,1542298228139
1008.23,1542298228170
1008.24,1542298228218
1008.24,1542298228272
1008.26,1542298228319
1008.26,1542298228371
1008.24,1542298228430
1008.24,1542298228472
1008.25,1542298228526
1008.24,1542298228571
1008.25,1542298228676
1008.26,1542298228708
1008.26,1542298228724
1008.26,1542298228792
1008.25,1542298228828
1008.26,1542298228878
1008.25,1542298228927
1008.24,1542298228985
1008.24,1542298229031
1008.26,1542298229081
1008.24,1542298229139
1008.26,1542298229191
1008.25,1542298229235
1008.24,1542298229286
1008.24,1542298229336
1008.25,1542298229388
1008.25,1542298229437
1008.25,1542298229510
1008.23,1542298229537
1008.25,1542298229601
1008.25,1542298229640
1008.2,1542298229702
1008.2,1542298229745
1008.19,1542298229793
1008.19,1542298229841
1008.2,1542298229923
1008.22,1542298229974
1008.2,1542298230001
1008.2,1542298230061
1008.2,1542298230106
1008.21,1542298230151
1008.22,1542298230204
1008.22,1542298230254
1008.23,1542298230303
1008.23,1542298230373
1008.23,1542298230416
1008.23,1542298230473
1008.23,1542298230525
1008.21,1542298230554
1008.23,1542298230606
1008.24,1542298230654
1008.25,1542298230705
1008.25,1542298230761
1008.26,1542298230806
1008.25,1542298230859
1008.22,1542298230908
1008.2,1542298230963
1008.19,1542298231009
1008.2,1542298231060
1008.19,1542298231125
1008.21,1542298231160
1008.21,1542298231216
1008.23,1542298231263
1008.22,1542298231313
1008.2,1542298231465
1008.19,1542298231465
1008.21,1542298231489
1008.2,1542298231513
1008.22,1542298231563
1008.22,1542298231617
1008.24,1542298231664
1008.27,1542298231726
1008.27,1542298231769
1008.32,1542298231817
1008.32,1542298231881
1008.31,1542298231917
1008.29,1542298231976
1008.3,1542298232027
1008.26,1542298232080
1008.25,1542298232129
1008.23,1542298232176
1008.23,1542298232243
1008.22,1542298232288
1008.21,1542298232333
1008.28,1542298232375
1008.29,1542298232457
1008.29,1542298232473
1008.25,1542298232545
1008.21,1542298232575
1008.22,1542298232629
1008.22,1542298232689
1008.19,1542298232728
1008.2,1542298232780
1008.21,1542298232843
1008.21,1542298232879
1008.24,1542298232942
1008.26,1542298233044
1008.33,1542298233084
1008.38,1542298233092
1008.37,1542298233141
1008.32,1542298233186
1008.24,1542298233263
1008.19,1542298233288
1008.17,1542298233333
1008.13,1542298233394
1008.12,1542298233435
1008.16,1542298233546
1008.19,1542298233562
1008.26,1542298233596
1008.25,1542298233644
1008.25,1542298233692
1008.25,1542298233742
1008.31,1542298233792
1008.33,1542298233865
1008.31,1542298233892
1008.3,1542298233948
1008.3,1542298233998
1008.29,1542298234044
1008.27,1542298234119
1008.24,1542298234143
1008.25,1542298234192
1008.24,1542298234258
1008.22,1542298234297
1008.2,1542298234346
1008.21,1542298234395
1008.21,1542298234459
1008.2,1542298234493
1008.21,1542298234542
1008.21,1542298234626
1008.2,1542298234657
1008.2,1542298234695
1008.22,1542298234745
1008.23,1542298234801
1008.27,1542298234853
1008.25,1542298234897
1008.21,1542298234948
1008.18,1542298235006
1008.17,1542298235054
1008.18,1542298235104
1008.19,1542298235177
1008.23,1542298235204
1008.27,1542298235257
1008.27,1542298235309
1008.26,1542298235456
1008.29,1542298235457
1008.25,1542298235480
1008.22,1542298235512
1008.21,1542298235579
1008.22,1542298235607
1008.21,1542298235657
1008.22,1542298235733
1008.17,1542298235761
1008.12,1542298235811
1008.1,1542298235858
1008.09,1542298235913
1008.11,1542298235958
1008.13,1542298236012
1008.15,1542298236110
1008.16,1542298236124
1008.18,1542298236163
1008.17,1542298236226
1008.2,1542298236263
1008.26,1542298236323
1008.32,1542298236365
1008.35,1542298236413
1008.39,1542298236464
1008.33,1542298236512
1008.28,1542298236585
1008.24,1542298236630
1008.22,1542298236666
1008.22,1542298236718
1008.24,1542298236769
1008.28,1542298236845
1008.28,1542298236875
1008.27,1542298236920
1008.25,1542298236970
1008.25,1542298237035
1008.23,1542298237075
1008.2,1542298237128
1008.18,1542298237172
1008.17,1542298237223
1008.17,1542298237281
1008.16,1542298237328
1008.16,1542298237377
1008.16,1542298237429
1008.19,1542298237475
1008.2,1542298237546
1008.23,1542298237591
1008.25,1542298237646
1008.26,1542298237683
1008.28,1542298237751
1008.28,1542298237783
1008.28,1542298237830
1008.25,1542298237882
1008.22,1542298237930
1008.19,1542298237982
1008.2,1542298238032
1008.18,1542298238085
1008.17,1542298238137
1008.19,1542298238191
1008.2,1542298238243
1008.24,1542298238292
1008.27,1542298238346
1008.28,1542298238406
1008.31,1542298238473
1008.29,1542298238488
1008.3,1542298238534
1008.29,1542298238590
1008.29,1542298238637
1008.33,1542298238769
1008.29,1542298238779
1008.26,1542298238823
1008.24,1542298238834
1008.23,1542298238898
1008.21,1542298238957
1008.14,1542298238995
1008.13,1542298239042
1008.13,1542298239089
1008.13,1542298239141
1008.17,1542298239189
1008.18,1542298239252
1008.19,1542298239302
1008.25,1542298239346
1008.28,1542298239404
1008.29,1542298239444
1008.3,1542298239497
1008.26,1542298239545
1008.26,1542298239594
1008.24,1542298239647
1008.28,1542298239694
1008.27,1542298239743
1008.27,1542298239794
1008.26,1542298239851
1008.27,1542298239903
1008.29,1542298239948
1008.23,1542298239998
1008.2,1542298240046
1008.15,1542298240106
1008.14,1542298240162
1008.12,1542298240207
1008.11,1542298240255
1008.15,1542298240306
1008.15,1542298240356
1008.14,1542298240404
1008.17,1542298240472
1008.17,1542298240526
1008.18,1542298240556
1008.2,1542298240613
1008.25,1542298240663
1008.27,1542298240704
1008.33,1542298240761
1008.35,1542298240913
1008.29,1542298240918
1008.27,1542298240920
1008.26,1542298240969
1008.28,1542298241013
1008.26,1542298241060
1008.26,1542298241131
1008.26,1542298241159
1008.25,1542298241212
1008.27,1542298241276
1008.32,1542298241330
1008.28,1542298241366
1008.25,1542298241413
1008.23,1542298241463
1008.17,1542298241523
1008.17,1542298241565
1008.15,1542298241618
1008.11,1542298241689
1008.09,1542298241736
1008.12,1542298241769
1008.16,1542298241826
1008.24,1542298241873
1008.29,1542298241935
1008.32,1542298241974
1008.31,1542298242024
1008.26,1542298242093
1008.24,1542298242127
1008.23,1542298242177
1008.22,1542298242226
1008.23,1542298242283
1008.23,1542298242327
1008.22,1542298242381
1008.23,1542298242426
1008.25,1542298242510
1008.25,1542298242523
1008.26,1542298242579
1008.24,1542298242627
1008.23,1542298242682
1008.18,1542298242732
1008.16,1542298242780
1008.17,1542298242828
1008.19,1542298242879
1008.18,1542298242930
1008.17,1542298242987
1008.17,1542298243096
1008.16,1542298243096
1008.22,1542298243130
1008.25,1542298243186
1008.25,1542298243235
1008.23,1542298243301
1008.22,1542298243365
1008.2,1542298243388
1008.23,1542298243435
1008.2,1542298243490
1008.2,1542298243555
1008.19,1542298243583
1008.25,1542298243639
1008.29,1542298243689
1008.31,1542298243764
1008.33,1542298243793
1008.29,1542298243842
1008.28,1542298243889
1008.25,1542298243961
1008.27,1542298243987
1008.28,1542298244037
1008.28,1542298244109
1008.27,1542298244144
1008.23,1542298244191
1008.25,1542298244241
1008.25,1542298244297
1008.23,1542298244361
1008.19,1542298244396
1008.18,1542298244441
1008.18,1542298244499
1008.18,1542298244559
1008.21,1542298244593
1008.22,1542298244641
1008.23,1542298244702
1008.22,1542298244744
1008.21,1542298244796
1008.21,1542298244846
1008.22,1542298244895
1008.26,1542298244967
1008.26,1542298244999
1008.28,1542298245058
1008.23,1542298245098
1008.23,1542298245147
1008.23,1542298245199
1008.19,1542298245274
1008.21,1542298245302
1008.18,1542298245352
1008.17,1542298245441
1008.18,1542298245450
1008.22,1542298245505
1008.26,1542298245599
1008.3,1542298245600
1008.27,1542298245655
1008.23,1542298245701
1008.18,1542298245752
1008.18,1542298245822
1008.18,1542298245856
1008.2,1542298245911
1008.19,1542298246123
1008.23,1542298246123
1008.27,1542298246124
1008.3,1542298246145
1008.3,1542298246160
1008.26,1542298246217
1008.26,1542298246259
1008.27,1542298246313
1008.26,1542298246368
1008.26,1542298246410
1008.3,1542298246477
1008.27,1542298246508
1008.25,1542298246559
1008.2,1542298246609
1008.19,1542298246676
1008.15,1542298246716
1008.16,1542298246767
1008.22,1542298246814
1008.27,1542298246873
1008.27,1542298246913
1008.23,1542298246967
1008.24,1542298247015
1008.24,1542298247084
1008.24,1542298247113
1008.26,1542298247167
1008.23,1542298247214
1008.22,1542298247266
1008.19,1542298247325
1008.21,1542298247369
1008.19,1542298247419
1008.22,1542298247483
1008.25,1542298247546
1008.27,1542298247567
1008.29,1542298247640
1008.27,1542298247668
1008.25,1542298247718
1008.25,1542298247771
1008.25,1542298247831
1008.22,1542298247868
1008.19,1542298247918
1008.19,1542298247992
1008.2,1542298248052
1008.19,1542298248106
1008.17,1542298248125
1008.15,1542298248173
1008.15,1542298248225
1008.15,1542298248281
1008.17,1542298248359
1008.18,1542298248386
1008.18,1542298248424
1008.2,1542298248563
1008.2,1542298248563
1008.2,1542298248592
1008.21,1542298248631
1008.2,1542298248681
1008.21,1542298248731
1008.21,1542298248781
1008.21,1542298248831
1008.21,1542298248883
1008.22,1542298248934
1008.21,1542298248984
1008.23,1542298249062
1008.34,1542298249082
1008.37,1542298249140
1008.43,1542298249187
1008.33,1542298249244
1008.26,1542298249293
1008.22,1542298249342
1008.2,1542298249392
1008.22,1542298249439
1008.24,1542298249538
1008.26,1542298249570
1008.37,1542298249592
1008.32,1542298249680
1008.26,1542298249690
1008.19,1542298249744
1008.13,1542298249797
1008.14,1542298249860
1008.15,1542298249899
1008.13,1542298249983
1008.15,1542298250020
1008.15,1542298250062
1008.17,1542298250100
1008.16,1542298250153
1008.14,1542298250244
1008.23,1542298250252
1008.18,1542298250309
1008.17,1542298250364
1008.2,1542298250437
1008.18,1542298250455
1008.16,1542298250515
1008.17,1542298250577
1008.21,1542298250618
1008.19,1542298250656
1008.19,1542298250715
1008.2,1542298250758
1008.2,1542298250822
1008.19,1542298250890
1008.18,1542298250919
1008.2,1542298250969
1008.18,1542298251020
1008.2,1542298251075
1008.21,1542298251122
1008.24,1542298251167
1008.22,1542298251231
1008.22,1542298251270
1008.24,1542298251316
1008.23,1542298251370
1008.24,1542298251432
1008.24,1542298251468
1008.25,1542298251518
1008.26,1542298251614
1008.25,1542298251644
1008.27,1542298251674
1008.25,1542298251725
1008.25,1542298251792
1008.25,1542298251840
1008.21,1542298251876
1008.2,1542298251925
1008.23,1542298251976
1008.22,1542298252031
1008.24,1542298252114
1008.27,1542298252136
1008.27,1542298252177
1008.31,1542298252232
1008.32,1542298252288
1008.31,1542298252381
1008.28,1542298252416
1008.3,1542298252433
1008.3,1542298252502
1008.29,1542298252534
1008.32,1542298252585
1008.33,1542298252642
1008.33,1542298252687
1008.31,1542298252738
1008.29,1542298252790
1008.29,1542298252842
1008.3,1542298252894
1008.28,1542298252942
1008.28,1542298252991
1008.3,1542298253039
1008.3,1542298253088
1008.31,1542298253138
1008.32,1542298253191
1008.31,1542298253241
1008.32,1542298253332
1008.32,1542298253348
1008.32,1542298253393
1008.31,1542298253444
1008.28,1542298253498
1008.29,1542298253543
1008.28,1542298253591
1008.28,1542298253663
1008.29,1542298253693
1008.28,1542298253743
1008.28,1542298253804
1008.26,1542298253849
1008.27,1542298253906
1008.27,1542298254240
1008.27,1542298254241
1008.29,1542298254241
1008.27,1542298254241
1008.29,1542298254241
1008.26,1542298254242
1008.25,1542298254276
1008.25,1542298254304
1008.27,1542298254352
1008.29,1542298254412
1008.26,1542298254466
1008.25,1542298254502
1008.27,1542298254601
1008.26,1542298254622
1008.26,1542298254654
1008.24,1542298254719
1008.25,1542298254752
1008.25,1542298254815
1008.25,1542298254868
1008.25,1542298254933
1008.25,1542298254990
1008.24,1542298255010
1008.25,1542298255067
1008.25,1542298255111
1008.25,1542298255156
1008.24,1542298255217
1008.26,1542298255279
1008.25,1542298255315
1008.25,1542298255358
1008.25,1542298255424
1008.24,1542298255477
1008.24,1542298255520
1008.23,1542298255561
1008.24,1542298255675
1008.23,1542298255675
1008.23,1542298255713
1008.23,1542298255764
1008.23,1542298255814
1008.22,1542298255912
1008.24,1542298255929
1008.26,1542298255974
1008.28,1542298256019
1008.29,1542298256080
1008.28,1542298256122
1008.28,1542298256169
1008.27,1542298256226
1008.28,1542298256273
1008.31,1542298256321
1008.26,1542298256373
1008.25,1542298256422
1008.21,1542298256470
1008.22,1542298256520
1008.26,1542298256573
1008.27,1542298256621
1008.28,1542298256672
1008.28,1542298256758
1008.27,1542298256773
1008.27,1542298256825
1008.27,1542298256877
1008.29,1542298256925
1008.28,1542298256979
1008.27,1542298257027
1008.26,1542298257080
1008.27,1542298257129
1008.26,1542298257208
1008.26,1542298257243
1008.28,1542298257286
1008.28,1542298257350
1008.3,1542298257384
1008.32,1542298257456
1008.33,1542298257484
1008.35,1542298257533
1008.41,1542298257585
1008.38,1542298257653
1008.38,1542298257690
1008.4,1542298257794
1008.4,1542298257809
1008.42,1542298257848
1008.41,1542298257895
1008.38,1542298257947
1008.37,1542298257994
1008.36,1542298258049
1008.35,1542298258095
1008.36,1542298258162
1008.37,1542298258197
1008.42,1542298258249
1008.42,1542298258300
1008.36,1542298258359
1008.27,1542298258411
1008.19,1542298258449
1008.14,1542298258503
1008.13,1542298258550
1008.14,1542298258600
1008.14,1542298258651
1008.17,1542298258703
1008.19,1542298258755
1008.23,1542298258804
1008.26,1542298258870
1008.27,1542298258928
1008.28,1542298258966
1008.3,1542298259013
1008.32,1542298259060
1008.31,1542298259129
1008.28,1542298259163
1008.27,1542298259215
1008.28,1542298259263
1008.27,1542298259346
1008.28,1542298259364
1008.28,1542298259442
1008.29,1542298259584
1008.3,1542298259585
1008.3,1542298259585
1008.3,1542298259614
1008.31,1542298259669
1008.33,1542298259713
1008.32,1542298259767
1008.31,1542298259828
1008.29,1542298259867
1008.29,1542298259920
1008.28,1542298259968
1008.27,1542298260047
1008.26,1542298260073
1008.27,1542298260121
1008.3,1542298260180
1008.31,1542298260243
1008.28,1542298260276
1008.26,1542298260322
1008.24,1542298260380
1008.23,1542298260434
1008.22,1542298260475
1008.23,1542298260566
1008.23,1542298260577
1008.24,1542298260638
1008.27,1542298260679
1008.28,1542298260726
1008.29,1542298260783
1008.3,1542298260830
1008.26,1542298260888
1008.26,1542298260932
1008.26,1542298260983
1008.24,1542298261036
1008.23,1542298261087
1008.25,1542298261131
1008.25,1542298261205
1008.26,1542298261244
1008.26,1542298261283
1008.26,1542298261357
1008.26,1542298261422
1008.26,1542298261440
1008.27,1542298261509
1008.28,1542298261536
1008.3,1542298261621
1008.3,1542298261658
1008.28,1542298261698
1008.29,1542298261749
1008.28,1542298261788
1008.26,1542298261843
1008.25,1542298261892
1008.27,1542298261991
1008.26,1542298261999
1008.23,1542298262041
1008.24,1542298262092
1008.26,1542298262143
1008.26,1542298262195
1008.26,1542298262249
1008.25,1542298262298
1008.22,1542298262350
1008.21,1542298262399
1008.24,1542298262465
1008.24,1542298262529
1008.26,1542298262584
1008.29,1542298262594
1008.29,1542298262645
1008.29,1542298262699
1008.26,1542298262759
1008.27,1542298262801
1008.27,1542298262866
1008.27,1542298262902
1008.25,1542298262955
1008.27,1542298263004
1008.27,1542298263064
1008.24,1542298263108
1008.26,1542298263158
1008.25,1542298263220
1008.27,1542298263271
1008.26,1542298263311
1008.25,1542298263360
1008.22,1542298263419
1008.2,1542298263459
1008.17,1542298263508
1008.16,1542298263558
1008.17,1542298263642
1008.19,1542298263668
1008.19,1542298263727
1008.2,1542298263763
1008.2,1542298263812
1008.21,1542298263865
1008.2,1542298263914
1008.2,1542298263971
1008.26,1542298264021
1008.29,1542298264068
1008.26,1542298264132
1008.2,1542298264170
1008.16,1542298264219
1008.16,1542298264265
1008.15,1542298264317
1008.12,1542298264373
1008.13,1542298264419
1008.12,1542298264472
1008.1,1542298264576
1008.13,1542298264576
1008.16,1542298264620
1008.18,1542298264675
1008.16,1542298264722
1008.17,1542298264781
1008.16,1542298264828
1008.17,1542298264883
1008.18,1542298264935
1008.17,1542298264984
1008.17,1542298265028
1008.17,1542298265159
1008.18,1542298265160
1008.17,1542298265181
1008.19,1542298265248
1008.21,1542298265284
1008.2,1542298265334
1008.19,1542298265386
1008.2,1542298265434
1008.2,1542298265485
1008.19,1542298265534
1008.2,1542298265601
1008.2,1542298265645
1008.2,1542298265692
1008.19,1542298265749
1008.18,1542298265794
1008.16,1542298265875
1008.18,1542298265888
1008.16,1542298265946
1008.19,1542298265989
1008.18,1542298266039
1008.18,1542298266088
1008.19,1542298266168
1008.19,1542298266199
1008.18,1542298266239
1008.17,1542298266291
1008.19,1542298266342
1008.2,1542298266403
1008.2,1542298266451
1008.2,1542298266501
1008.19,1542298266542
1008.18,1542298266612
1008.2,1542298266645
1008.19,1542298266697
1008.19,1542298266752
1008.19,1542298266822
1008.17,1542298266850
1008.19,1542298266894
1008.2,1542298266995
1008.21,1542298267003
1008.22,1542298267047
1008.24,1542298267111
1008.23,1542298267160
1008.23,1542298267208
1008.23,1542298267254
1008.23,1542298267309
1008.24,1542298267355
1008.21,1542298267403
1008.22,1542298267478
1008.18,1542298267501
1008.19,1542298267552
1008.21,1542298267602
1008.23,1542298267656
1008.23,1542298267736
1008.25,1542298267752
1008.23,1542298267805
1008.22,1542298267855
1008.17,1542298267922
1008.19,1542298267961
1008.2,1542298268005
1008.26,1542298268067
1008.27,1542298268138
1008.33,1542298268168
1008.34,1542298268208
1008.38,1542298268263
1008.29,1542298268313
1008.28,1542298268392
1008.27,1542298268422
1008.26,1542298268459
1008.23,1542298268511
1008.24,1542298268561
1008.21,1542298268640
1008.18,1542298268674
1008.19,1542298268715
1008.2,1542298268802
1008.18,1542298268812
1008.14,1542298268871
1008.1,1542298268914
1008.13,1542298268976
1008.18,1542298269012
1008.23,1542298269066
1008.26,1542298269115
1008.27,1542298269167
1008.25,1542298269210
1008.25,1542298269273
1008.25,1542298269332
1008.25,1542298269362
1008.24,1542298269412
1008.23,1542298269462
1008.23,1542298269512
1008.23,1542298269564
1008.23,1542298269612
1008.26,1542298269662
1008.25,1542298269715
1008.25,1542298269764
1008.24,1542298269823
1008.25,1542298269863
1008.25,1542298269916
1008.25,1542298269964
1008.26,1542298270032
1008.25,1542298270062
1008.24,1542298270114
1008.23,1542298270165
1008.24,1542298270217
1008.24,1542298270284
1008.25,1542298270322
1008.25,1542298270375
1008.24,1542298270419
1008.25,1542298270478
1008.25,1542298270519
1008.28,1542298270567
1008.28,1542298270618
1008.29,1542298270680
1008.28,1542298270728
1008.21,1542298270770
1008.19,1542298270850
1008.16,1542298270895
1008.18,1542298270922
1008.17,1542298270973
1008.18,1542298271025
1008.18,1542298271080
1008.18,1542298271124
1008.18,1542298271179
1008.14,1542298271240
1008.15,1542298271278
1008.16,1542298271327
1008.19,1542298271380
1008.2,1542298271426
1008.19,1542298271476
1008.19,1542298271526
1008.22,1542298271581
1008.2,1542298271626
1008.21,1542298271677
1008.19,1542298271727
1008.22,1542298271780
1008.22,1542298271829
1008.19,1542298271893
1008.2,1542298271935
1008.21,1542298271981
1008.21,1542298272045
1008.21,1542298272100
1008.22,1542298272131
1008.23,1542298272182
1008.25,1542298272230
1008.24,1542298272306
1008.25,1542298272329
1008.26,1542298272378
1008.26,1542298272435
1008.25,1542298272478
1008.26,1542298272530
1008.27,1542298272581
1008.24,1542298272650
1008.21,1542298272683
1008.22,1542298272734
1008.23,1542298272784
1008.23,1542298272834
1008.22,1542298272882
1008.22,1542298272933
1008.21,1542298272985
1008.2,1542298273035
1008.22,1542298273089
1008.25,1542298273142
1008.21,1542298273186
1008.23,1542298273245
1008.25,1542298273305
1008.24,1542298273351
1008.22,1542298273385
1008.23,1542298273453
1008.23,1542298273491
1008.23,1542298273544
1008.26,1542298273585
1008.26,1542298273673
1008.24,1542298273692
1008.22,1542298273749
1008.24,1542298273812
1008.23,1542298273840
1008.23,1542298273890
1008.25,1542298273941
1008.24,1542298273991
1008.23,1542298274054
1008.22,1542298274092
1008.23,1542298274143
1008.23,1542298274192
1008.24,1542298274254
1008.24,1542298274300
1008.23,1542298274347
1008.22,1542298274410
1008.22,1542298274445
1008.22,1542298274494
1008.23,1542298274547
1008.23,1542298274594
1008.23,1542298274648
1008.24,1542298274697
1008.25,1542298274749
1008.25,1542298274801
1008.25,1542298274865
1008.25,1542298274901
1008.26,1542298274952
1008.24,1542298275007
1008.27,1542298275048
1008.28,1542298275111
1008.28,1542298275148
1008.25,1542298275203
1008.24,1542298275250
1008.24,1542298275300
1008.26,1542298275355
1008.3,1542298275403
1008.32,1542298275455
1008.34,1542298275502
1008.33,1542298275553
1008.31,1542298275615
1008.28,1542298275656
1008.28,1542298275702
1008.24,1542298275754
1008.24,1542298275809
1008.23,1542298275854
1008.23,1542298275904
1008.27,1542298275966
1008.28,1542298276009
1008.31,1542298276057
1008.31,1542298276112
1008.29,1542298276164
1008.27,1542298276212
1008.26,1542298276283
1008.28,1542298276310
1008.28,1542298276361
1008.26,1542298276430
1008.24,1542298276473
1008.23,1542298276511
1008.24,1542298276562
1008.23,1542298276611
1008.24,1542298276663
1008.25,1542298276715
1008.24,1542298276765
1008.23,1542298276814
1008.22,1542298276868
1008.21,1542298276928
1008.21,1542298276976
1008.22,1542298277017
1008.19,1542298277072
1008.22,1542298277119
1008.22,1542298277176
1008.22,1542298277219
1008.24,1542298277269
1008.24,1542298277338
1008.18,1542298277377
1008.2,1542298277421
1008.22,1542298277473
1008.24,1542298277522
1008.25,1542298277574
1008.24,1542298277625
1008.25,1542298277682
1008.2,1542298277732
1008.22,1542298277779
1008.23,1542298277849
1008.24,1542298277878
1008.25,1542298277930
1008.24,1542298277989
1008.23,1542298278030
1008.23,1542298278081
1008.22,1542298278130
1008.21,1542298278196
1008.24,1542298278238
1008.21,1542298278284
1008.23,1542298278333
1008.24,1542298278385
1008.24,1542298278432
1008.21,1542298278497
1008.23,1542298278538
1008.22,1542298278583
1008.24,1542298278648
1008.24,1542298278686
1008.24,1542298278742
1008.22,1542298278786
1008.22,1542298278838
1008.23,1542298278894
1008.21,1542298278938
1008.23,1542298278991
1008.23,1542298279038
1008.23,1542298279088
1008.27,1542298279137
1008.26,1542298279187
1008.25,1542298279239
1008.23,1542298279292
1008.24,1542298279342
1008.24,1542298279409
1008.24,1542298279440
1008.24,1542298279490
1008.24,1542298279539
1008.22,1542298279588
1008.21,1542298279638
1008.2,1542298279698
1008.21,1542298279740
1008.22,1542298279790
1008.22,1542298279840
1008.2,1542298279889
1008.19,1542298279947
1008.19,1542298279993
1008.19,1542298280048
1008.17,1542298280093
1008.16,1542298280155
1008.16,1542298280206
1008.18,1542298280255
1008.2,1542298280339
1008.2,1542298280368
1008.23,1542298280402
1008.24,1542298280449
1008.25,1542298280504
1008.25,1542298280550
1008.24,1542298280601
1008.24,1542298280650
1008.24,1542298280701
1008.24,1542298280766
1008.22,1542298280806
1008.22,1542298280854
1008.23,1542298280905
1008.22,1542298280964
1008.24,1542298281007
1008.25,1542298281071
1008.27,1542298281123
1008.31,1542298281164
1008.32,1542298281219
1008.3,1542298281265
1008.27,1542298281314
1008.27,1542298281361
1008.26,1542298281411
1008.26,1542298281469
1008.23,1542298281558
1008.23,1542298281577
1008.21,1542298281613
1008.2,1542298281664
1008.21,1542298281734
1008.22,1542298281774
1008.22,1542298281819
1008.23,1542298281882
1008.22,1542298281917
1008.24,1542298281980
1008.25,1542298282020
1008.24,1542298282070
1008.27,1542298282126
1008.24,1542298282176
1008.22,1542298282225
1008.24,1542298282273
1008.22,1542298282327
1008.24,1542298282374
1008.24,1542298282425
1008.21,1542298282474
1008.22,1542298282528
1008.2,1542298282575
1008.2,1542298282631
1008.19,1542298282679
1008.2,1542298282726
1008.18,1542298282778
1008.2,1542298282826
1008.21,1542298282887
1008.22,1542298282931
1008.21,1542298282980
1008.2,1542298283052
1008.21,1542298283083
1008.22,1542298283134
1008.22,1542298283181
1008.22,1542298283243
1008.22,1542298283283
1008.22,1542298283334
1008.21,1542298283403
1008.21,1542298283437
1008.2,1542298283485
1008.21,1542298283547
1008.22,1542298283595
1008.2,1542298283637
1008.22,1542298283693
1008.23,1542298283751
1008.21,1542298283784
1008.22,1542298283832
1008.24,1542298283952
1008.23,1542298283952
1008.24,1542298283983
1008.25,1542298284033
1008.25,1542298284085
1008.25,1542298284148
1008.2,1542298284188
1008.21,1542298284240
1008.22,1542298284290
1008.23,1542298284338
1008.21,1542298284387
1008.2,1542298284438
1008.19,1542298284489
1008.19,1542298284538
1008.21,1542298284588
1008.23,1542298284640
1008.24,1542298284690
1008.24,1542298284749
1008.23,1542298284790
1008.26,1542298284842
1008.26,1542298284897
1008.27,1542298284942
1008.26,1542298285033
1008.23,1542298285046
1008.21,1542298285097
1008.22,1542298285149
1008.23,1542298285209
1008.23,1542298285250
1008.25,1542298285302
1008.24,1542298285349
1008.27,1542298285398
1008.28,1542298285447
1008.29,1542298285498
1008.29,1542298285552
1008.31,1542298285602
1008.31,1542298285654
1008.32,1542298285710
1008.32,1542298285762
1008.28,1542298285807
1008.27,1542298285856
1008.27,1542298285917
1008.27,1542298285955
1008.25,1542298286006
1008.25,1542298286056
1008.25,1542298286114
1008.23,1542298286161
1008.23,1542298286205
1008.25,1542298286265
1008.27,1542298286309
1008.28,1542298286366
1008.26,1542298286412
1008.26,1542298286459
1008.23,1542298286533
1008.2,1542298286557
1008.15,1542298286615
1008.13,1542298286668
1008.09,1542298286711
1008.11,1542298286765
1008.19,1542298286818
1008.22,1542298286859
1008.2,1542298286907
1008.17,1542298286962
1008.18,1542298287013
1008.2,1542298287060
1008.19,1542298287121
1008.18,1542298287161
1008.19,1542298287213
1008.16,1542298287262
1008.16,1542298287334
1008.16,1542298287375
1008.14,1542298287414
1008.13,1542298287495
1008.12,1542298287512
1008.11,1542298287600
1008.12,1542298287618
1008.14,1542298287670
1008.13,1542298287753
1008.13,1542298287819
1008.15,1542298287853
1008.16,1542298287868
1008.14,1542298287917
1008.16,1542298287969
1008.18,1542298288022
1008.2,1542298288074
1008.2,1542298288190
1008.17,1542298288196
1008.18,1542298288222
1008.2,1542298288277
1008.22,1542298288320
1008.23,1542298288378
1008.19,1542298288417
1008.19,1542298288466
1008.18,1542298288519
1008.19,1542298288587
1008.2,1542298288619
1008.21,1542298288727
1008.22,1542298288727
1008.2,1542298288776
1008.2,1542298288821
1008.2,1542298288879
1008.21,1542298288922
1008.19,1542298288973
1008.2,1542298289027
1008.2,1542298289115
1008.19,1542298289136
1008.19,1542298289180
1008.21,1542298289256
1008.21,1542298289287
1008.21,1542298289400
1008.2,1542298289400
1008.19,1542298289454
1008.18,1542298289479
1008.18,1542298289537
1008.18,1542298289581
1008.19,1542298289635
1008.21,1542298289684
1008.22,1542298289736
1008.21,1542298289786
1008.19,1542298289845
1008.18,1542298289885
1008.16,1542298289934
1008.15,1542298290009
1008.14,1542298290037
1008.16,1542298290089
1008.22,1542298290140
1008.26,1542298290194
1008.31,1542298290252
1008.34,1542298290295
1008.39,1542298290336
1008.35,1542298290387
1008.31,1542298290435
1008.2,1542298290489
1008.15,1542298290550
1008.14,1542298290592
1008.17,1542298290641
1008.23,1542298290691
1008.26,1542298290739
1008.28,1542298290811
1008.31,1542298290872
1008.31,1542298290893
1008.29,1542298290942
1008.28,1542298290994
1008.23,1542298291043
1008.18,1542298291096
1008.18,1542298291147
1008.21,1542298291194
1008.22,1542298291248
1008.22,1542298291294
1008.2,1542298291364
1008.14,1542298291395
1008.13,1542298291445
1008.13,1542298291493
1008.13,1542298291567
1008.16,1542298291611
1008.14,1542298291648
1008.16,1542298291702
1008.13,1542298291757
1008.14,1542298291807
1008.13,1542298291853
1008.14,1542298291910
1008.14,1542298291966
1008.15,1542298292002
1008.15,1542298292057
1008.17,1542298292106
1008.16,1542298292158
1008.14,1542298292205
1008.14,1542298292256
1008.18,1542298292351
1008.2,1542298292357
1008.19,1542298292445
1008.21,1542298292455
1008.22,1542298292507
1008.22,1542298292556
1008.21,1542298292620
1008.2,1542298292658
1008.21,1542298292712
1008.22,1542298292760
1008.23,1542298292813
1008.22,1542298292862
1008.23,1542298292908
1008.23,1542298292982
1008.23,1542298293024
1008.23,1542298293057
1008.23,1542298293107
1008.24,1542298293158
1008.27,1542298293219
1008.29,1542298293263
1008.29,1542298293327
1008.26,1542298293383
1008.25,1542298293414
1008.27,1542298293462
1008.25,1542298293512
1008.22,1542298293565
1008.2,1542298293615
1008.2,1542298293668
1008.19,1542298293717
1008.19,1542298293767
1008.23,1542298293859
1008.2,1542298293872
1008.19,1542298293934
1008.21,1542298293973
1008.22,1542298294031
1008.24,1542298294075
1008.24,1542298294124
1008.26,1542298294175
1008.27,1542298294234
1008.22,1542298294275
1008.21,1542298294324
1008.23,1542298294375
1008.22,1542298294428
1008.25,1542298294491
1008.24,1542298294533
1008.23,1542298294582
1008.23,1542298294663
1008.23,1542298294681
1008.25,1542298294737
1008.28,1542298294782
1008.3,1542298294840
1008.35,1542298294889
1008.36,1542298294940
1008.38,1542298294985
1008.38,1542298295037
1008.39,1542298295082
1008.39,1542298295133
1008.35,1542298295187
1008.32,1542298295242
1008.3,1542298295288
1008.24,1542298295351
1008.22,1542298295391
1008.19,1542298295445
1008.17,1542298295507
1008.17,1542298295541
1008.15,1542298295654
1008.15,1542298295654
1008.21,1542298295723
1008.23,1542298295745
1008.26,1542298295795
1008.24,1542298295880
1008.21,1542298295906
1008.19,1542298295952
1008.17,1542298296002
1008.16,1542298296069
1008.17,1542298296102
1008.19,1542298296153
1008.21,1542298296225
1008.2,1542298296253
1008.19,1542298296306
1008.2,1542298296353
1008.19,1542298296412
1008.2,1542298296454
1008.2,1542298296509
1008.28,1542298296563
1008.28,1542298296646
1008.32,1542298296670
1008.33,1542298296774
1008.29,1542298296775
1008.27,1542298296817
1008.25,1542298296858
1008.22,1542298296911
1008.21,1542298296976
1008.21,1542298297016
1008.18,1542298297076
1008.19,1542298297112
1008.19,1542298297181
1008.17,1542298297219
1008.18,1542298297263
1008.19,1542298297311
1008.21,1542298297364
1008.23,1542298297413
1008.18,1542298297472
1008.16,1542298297552
1008.17,1542298297566
1008.18,1542298297623
1008.21,1542298297681
1008.22,1542298297723
1008.21,1542298297774
1008.22,1542298297816
1008.23,1542298297873
1008.24,1542298297915
1008.22,1542298297969
1008.23,1542298298017
1008.22,1542298298085
1008.23,1542298298136
1008.28,1542298298173
1008.26,1542298298225
1008.25,1542298298282
1008.25,1542298298330
1008.27,1542298298377
1008.28,1542298298436
1008.3,1542298298492
1008.31,1542298298526
1008.32,1542298298577
1008.31,1542298298627
1008.3,1542298298679
1008.24,1542298298746
1008.21,1542298298819
1008.21,1542298298855
1008.19,1542298298955
1008.19,1542298298955
1008.2,1542298298995
1008.2,1542298299031
1008.19,1542298299081
1008.19,1542298299143
1008.18,1542298299180
1008.17,1542298299250
1008.18,1542298299287
1008.19,1542298299333
1008.18,1542298299418
1008.21,1542298299447
1008.2,1542298299484
1008.18,1542298299536
1008.2,1542298299585
1008.23,1542298299640
1008.22,1542298299684
1008.24,1542298299752
1008.25,1542298299784
1008.24,1542298299846
1008.27,1542298299884
1008.28,1542298299951
1008.25,1542298299985
1008.24,1542298300039
1008.24,1542298300095
1008.24,1542298300141
1008.23,1542298300198
1008.25,1542298300241
1008.26,1542298300312
1008.23,1542298300341
1008.24,1542298300393
1008.21,1542298300445
1008.21,1542298300524
1008.22,1542298300545
1008.22,1542298300608
1008.23,1542298300655
1008.23,1542298300691
1008.24,1542298300767
1008.22,1542298300794
1008.21,1542298300842
1008.21,1542298300904
1008.21,1542298300965
1008.22,1542298300995
1008.25,1542298301062
1008.27,1542298301128
1008.26,1542298301149
1008.26,1542298301212
1008.26,1542298301253
1008.24,1542298301302
1008.25,1542298301349
1008.26,1542298301418
1008.25,1542298301452
1008.29,1542298301500
1008.36,1542298301554
1008.33,1542298301609
1008.29,1542298301656
1008.25,1542298301704
1008.23,1542298301757
1008.22,1542298301857
1008.22,1542298301873
1008.21,1542298301912
1008.19,1542298301958
1008.18,1542298302005
1008.16,1542298302058
1008.16,1542298302117
1008.15,1542298302183
1008.17,1542298302217
1008.17,1542298302276
1008.19,1542298302311
1008.2,1542298302361
1008.2,1542298302410
1008.25,1542298302464
1008.27,1542298302516
1008.27,1542298302562
1008.25,1542298302616
1008.23,1542298302670
1008.22,1542298302723
1008.22,1542298302768
1008.22,1542298302833
1008.2,1542298302887
1008.19,1542298302938
1008.19,1542298302968
1008.18,1542298303028
1008.19,1542298303079
1008.2,1542298303126
1008.22,1542298303172
1008.27,1542298303227
1008.29,1542298303464
1008.32,1542298303465
1008.28,1542298303465
1008.27,1542298303480
1008.25,1542298303480
1008.22,1542298303546
1008.21,1542298303582
1008.18,1542298303625
1008.2,1542298303680
1008.23,1542298303732
1008.24,1542298303781
1008.25,1542298303827
1008.24,1542298303878
1008.22,1542298303941
1008.19,1542298303980
1008.18,1542298304030
1008.2,1542298304080
1008.21,1542298304131
1008.22,1542298304190
1008.21,1542298304248
1008.21,1542298304289
1008.21,1542298304370
1008.22,1542298304382
1008.21,1542298304437
1008.21,1542298304491
1008.22,1542298304534
1008.23,1542298304587
1008.27,1542298304638
1008.24,1542298304687
1008.24,1542298304738
1008.22,1542298304792
1008.22,1542298304837
1008.22,1542298304887
1008.24,1542298304953
1008.22,1542298304987
1008.23,1542298305039
1008.21,1542298305093
1008.21,1542298305142
1008.23,1542298305198
1008.22,1542298305242
1008.22,1542298305297
1008.25,1542298305344
1008.27,1542298305393
1008.29,1542298305463
1008.31,1542298305493
1008.29,1542298305543
1008.28,1542298305591
1008.24,1542298305644
1008.21,1542298305699
1008.2,1542298305749
1008.18,1542298305808
1008.21,1542298305849
1008.2,1542298305901
1008.2,1542298305946
1008.2,1542298305995
1008.22,1542298306046
1008.23,1542298306113
1008.23,1542298306146
1008.23,1542298306202
1008.24,1542298306255
1008.25,1542298306301
1008.25,1542298306350
1008.24,1542298306401
1008.25,1542298306449
1008.25,1542298306501
1008.25,1542298306552
1008.22,1542298306600
1008.22,1542298306652
1008.23,1542298306701
1008.23,1542298306752
1008.27,1542298306801
1008.27,1542298306851
1008.26,1542298306907
1008.24,1542298306955
1008.25,1542298307024
1008.25,1542298307067
1008.23,1542298307107
1008.24,1542298307158
1008.25,1542298307213
1008.24,1542298307265
1008.23,1542298307317
1008.21,1542298307359
1008.21,1542298307408
1008.18,1542298307476
1008.22,1542298307524
1008.23,1542298307558
1008.24,1542298307618
1008.24,1542298307661
1008.25,1542298307709
1008.25,1542298307760
1008.25,1542298307815
1008.26,1542298307874
1008.24,1542298307912
1008.24,1542298307963
1008.24,1542298308011
1008.22,1542298308062
1008.23,1542298308112
1008.23,1542298308165
1008.22,1542298308221
1008.21,1542298308263
1008.21,1542298308311
1008.21,1542298308368
1008.2,1542298308410
1008.2,1542298308463
1008.2,1542298308539
1008.21,1542298308566
1008.21,1542298308619
1008.24,1542298308669
1008.26,1542298308715
1008.28,1542298308766
1008.28,1542298308814
1008.27,1542298308868
1008.25,1542298308913
1008.24,1542298308965
1008.23,1542298309022
1008.22,1542298309067
1008.2,1542298309116
1008.21,1542298309166
1008.22,1542298309230
1008.22,1542298309282
1008.25,1542298309317
1008.25,1542298309382
1008.25,1542298309418
1008.22,1542298309471
1008.22,1542298309521
1008.23,1542298309581
1008.24,1542298309617
1008.25,1542298309668
1008.29,1542298309724
1008.27,1542298309769
1008.26,1542298309819
1008.24,1542298309880
1008.23,1542298309927
1008.2,1542298309975
1008.2,1542298310030
1008.21,1542298310080
1008.23,1542298310131
1008.22,1542298310173
1008.25,1542298310232
1008.26,1542298310280
1008.26,1542298310327
1008.25,1542298310382
1008.25,1542298310427
1008.23,1542298310478
1008.23,1542298310525
1008.24,1542298310575
1008.24,1542298310630
1008.22,1542298310678
1008.21,1542298310728
1008.19,1542298310777
1008.19,1542298310828
1008.18,1542298310880
1008.18,1542298310930
1008.2,1542298311001
1008.21,1542298311031
1008.22,1542298311080
1008.24,1542298311134
1008.26,1542298311182
1008.26,1542298311231
1008.26,1542298311288
1008.23,1542298311340
1008.23,1542298311388
1008.22,1542298311430
1008.23,1542298311491
1008.3,1542298311534
1008.33,1542298311597
1008.35,1542298311641
1008.37,1542298311693
1008.36,1542298311779
1008.34,1542298311791
1008.3,1542298311841
1008.25,1542298311890
1008.24,1542298311955
1008.25,1542298311991
1008.21,1542298312043
1008.21,1542298312089
1008.22,1542298312143
1008.21,1542298312194
1008.24,1542298312244
1008.22,1542298312303
1008.21,1542298312341
1008.18,1542298312421
1008.17,1542298312466
1008.17,1542298312502
1008.18,1542298312547
1008.17,1542298312620
1008.18,1542298312651
1008.19,1542298312702
1008.21,1542298312748
1008.22,1542298312830
1008.23,1542298312852
1008.23,1542298312907
1008.24,1542298312981
1008.24,1542298313000
1008.24,1542298313050
1008.23,1542298313100
1008.22,1542298313149
1008.21,1542298313200
1008.2,1542298313252
1008.2,1542298313299
1008.23,1542298313355
1008.25,1542298313401
1008.25,1542298313457
1008.28,1542298313498
1008.26,1542298313547
1008.27,1542298313597
1008.26,1542298313648
1008.25,1542298313701
1008.25,1542298313751
1008.22,1542298313801
1008.21,1542298313850
1008.22,1542298313902
1008.2,1542298313951
1008.19,1542298314003
1008.17,1542298314052
1008.19,1542298314182
1008.18,1542298314182
1008.17,1542298314206
1008.15,1542298314263
1008.15,1542298314307
1008.16,1542298314370
1008.17,1542298314409
1008.18,1542298314453
1008.22,1542298314517
1008.23,1542298314554
1008.22,1542298314605
1008.22,1542298314656
1008.22,1542298314707
1008.18,1542298314763
1008.2,1542298314817
1008.2,1542298314857
1008.21,1542298314913
1008.23,1542298314957
1008.25,1542298315011
1008.26,1542298315058
1008.22,1542298315111
1008.22,1542298315161
1008.2,1542298315208
1008.21,1542298315268
1008.28,1542298315313
1008.3,1542298315367
1008.34,1542298315412
1008.36,1542298315464
1008.36,1542298315513
1008.34,1542298315564
1008.31,1542298315610
1008.24,1542298315666
1008.19,1542298315711
1008.18,1542298315786
1008.17,1542298315812
1008.14,1542298315861
1008.14,1542298315915
1008.13,1542298315980
1008.15,1542298316019
1008.17,1542298316071
1008.2,1542298316120
1008.28,1542298316188
1008.28,1542298316224
1008.26,1542298316277
1008.23,1542298316337
1008.22,1542298316383
1008.21,1542298316434
1008.22,1542298316471
1008.23,1542298316525
1008.24,1542298316580
1008.24,1542298316625
1008.26,1542298316677
1008.23,1542298316726
1008.2,1542298316866
1008.18,1542298316896
1008.18,1542298316906
1008.2,1542298316946
1008.21,1542298316981
1008.2,1542298317030
1008.22,1542298317078
1008.21,1542298317173
1008.21,1542298317181
1008.23,1542298317233
1008.24,1542298317300
1008.26,1542298317333
1008.24,1542298317391
1008.24,1542298317431
1008.23,1542298317491
1008.21,1542298317533
1008.21,1542298317596
1008.2,1542298317643
1008.19,1542298317729
1008.18,1542298317752
1008.19,1542298317787
1008.21,1542298317843
1008.21,1542298317913
1008.19,1542298317939
1008.15,1542298317993
1008.13,1542298318047
1008.12,1542298318098
1008.13,1542298318147
1008.13,1542298318215
1008.12,1542298318260
1008.12,1542298318296
1008.14,1542298318352
1008.14,1542298318395
1008.15,1542298318445
1008.23,1542298318500
1008.25,1542298318559
1008.23,1542298318602
1008.24,1542298318650
1008.25,1542298318699
1008.24,1542298318749
1008.23,1542298318799
1008.23,1542298318883
1008.23,1542298318906
1008.24,1542298318954
1008.24,1542298319005
1008.21,1542298319054
1008.21,1542298319104
1008.22,1542298319160
1008.22,1542298319207
1008.23,1542298319258
1008.23,1542298319305
1008.23,1542298319354
1008.24,1542298319404
1008.22,1542298319462
1008.22,1542298319507
1008.21,1542298319571
1008.21,1542298319616
1008.21,1542298319663
1008.21,1542298319711
1008.19,1542298319770
1008.21,1542298319811
1008.2,1542298319868
1008.21,1542298319911
1008.23,1542298319967
1008.23,1542298320015
1008.23,1542298320063
1008.24,1542298320114
1008.22,1542298320163
1008.23,1542298320216
1008.22,1542298320267
1008.22,1542298320317
1008.23,1542298320368
1008.23,1542298320418
1008.22,1542298320475
1008.22,1542298320514
1008.24,1542298320571
1008.24,1542298320618
1008.25,1542298320667
1008.22,1542298320738
1008.22,1542298320772
1008.2,1542298320831
1008.18,1542298320872
1008.19,1542298320929
1008.18,1542298321001
1008.18,1542298321028
1008.21,1542298321077
1008.19,1542298321131
1008.18,1542298321182
1008.19,1542298321224
1008.21,1542298321272
1008.21,1542298321326
1008.2,1542298321374
1008.19,1542298321433
1008.18,1542298321470
1008.2,1542298321528
1008.19,1542298321579
1008.21,1542298321629
1008.21,1542298321672
1008.22,1542298321751
1008.22,1542298321770
1008.23,1542298321833
1008.23,1542298321884
1008.22,1542298321926
1008.23,1542298321985
1008.22,1542298322024
1008.25,1542298322078
1008.24,1542298322126
1008.24,1542298322177
1008.25,1542298322236
1008.25,1542298322280
1008.22,1542298322332
1008.22,1542298322379
1008.22,1542298322433
1008.24,1542298322479
1008.24,1542298322552
1008.23,1542298322585
1008.23,1542298322638
1008.22,1542298322690
1008.23,1542298322811
1008.23,1542298322811
1008.22,1542298322846
1008.21,1542298322902
1008.2,1542298322983
1008.21,1542298322993
1008.21,1542298323047
1008.19,1542298323095
1008.2,1542298323149
1008.18,1542298323194
1008.2,1542298323263
1008.2,1542298323297
1008.21,1542298323358
1008.21,1542298323392
1008.22,1542298323443
1008.22,1542298323504
1008.21,1542298323547
1008.22,1542298323598
1008.22,1542298323649
1008.24,1542298323701
1008.25,1542298323745
1008.25,1542298323797
1008.24,1542298323845
1008.23,1542298323905
1008.22,1542298323947
1008.23,1542298323995
1008.21,1542298324046
1008.23,1542298324099
1008.24,1542298324152
1008.25,1542298324202
1008.25,1542298324253
1008.24,1542298324305
1008.23,1542298324350
1008.22,1542298324401
1008.2,1542298324451
1008.19,1542298324497
1008.22,1542298324548
1008.22,1542298324602
1008.22,1542298324649
1008.22,1542298324707
1008.22,1542298324764
1008.22,1542298324811
1008.23,1542298324850
1008.23,1542298324902
1008.21,1542298324956
1008.21,1542298325008
1008.2,1542298325132
1008.21,1542298325132
1008.18,1542298325158
1008.21,1542298325200
1008.23,1542298325262
1008.23,1542298325306
1008.23,1542298325352
1008.22,1542298325406
1008.23,1542298325472
1008.22,1542298325500
1008.22,1542298325555
1008.22,1542298325608
1008.22,1542298325654
1008.21,1542298325708
1008.25,1542298325763
1008.25,1542298325806
1008.26,1542298325865
1008.29,1542298325912
1008.28,1542298325961
1008.31,1542298326017
1008.32,1542298326065
1008.3,1542298326119
1008.25,1542298326170
1008.23,1542298326238
1008.18,1542298326269
1008.18,1542298326320
1008.22,1542298326369
1008.29,1542298326417
1008.28,1542298326478
1008.3,1542298326531
1008.27,1542298326570
1008.18,1542298326619
1008.18,1542298326674
1008.19,1542298326721
1008.18,1542298326784
1008.3,1542298326825
1008.32,1542298326881
1008.33,1542298326960
1008.32,1542298326974
1008.31,1542298327026
1008.27,1542298327075
1008.2,1542298327132
1008.17,1542298327178
1008.17,1542298327227
1008.17,1542298327277
1008.18,1542298327342
1008.15,1542298327381
1008.18,1542298327440
1008.2,1542298327493
1008.25,1542298327538
1008.27,1542298327582
1008.27,1542298327628
1008.25,1542298327687
1008.25,1542298327733
1008.25,1542298327792
1008.23,1542298327842
1008.21,1542298327894
1008.2,1542298327936
1008.2,1542298327984
1008.21,1542298328056
1008.23,1542298328089
1008.23,1542298328137
1008.26,1542298328189
1008.22,1542298328235
1008.22,1542298328286
1008.22,1542298328339
1008.21,1542298328456
1008.2,1542298328456
1008.23,1542298328488
1008.23,1542298328537
1008.23,1542298328591
1008.22,1542298328639
1008.19,1542298328692
1008.18,1542298328744
1008.18,1542298328794
1008.19,1542298328841
1008.21,1542298328893
1008.2,1542298328942
1008.19,1542298328992
1008.21,1542298329050
1008.2,1542298329092
1008.21,1542298329145
1008.22,1542298329207
1008.23,1542298329244
1008.22,1542298329295
1008.22,1542298329342
1008.23,1542298329393
1008.24,1542298329442
1008.22,1542298329495
1008.24,1542298329545
1008.26,1542298329758
1008.26,1542298329758
1008.27,1542298329758
1008.28,1542298329758
1008.28,1542298329797
1008.27,1542298329851
1008.27,1542298329902
1008.28,1542298329956
1008.31,1542298330003
1008.31,1542298330057
1008.32,1542298330117
1008.31,1542298330158
1008.3,1542298330221
1008.29,1542298330257
1008.3,1542298330307
1008.3,1542298330356
1008.3,1542298330426
1008.3,1542298330459
1008.31,1542298330508
1008.3,1542298330648
1008.32,1542298330648
1008.3,1542298330743
1008.3,1542298330743
1008.26,1542298330765
1008.24,1542298330833
1008.25,1542298330867
1008.21,1542298330913
1008.17,1542298330961
1008.16,1542298331011
1008.16,1542298331060
1008.16,1542298331118
1008.15,1542298331164
1008.17,1542298331227
1008.2,1542298331268
1008.23,1542298331329
1008.23,1542298331378
1008.23,1542298331420
1008.25,1542298331468
1008.27,1542298331511
1008.26,1542298331562
1008.25,1542298331612
1008.28,1542298331665
1008.27,1542298331713
1008.26,1542298331861
1008.26,1542298331862
1008.28,1542298331872
1008.27,1542298331950
1008.26,1542298331978
1008.26,1542298332056
1008.27,1542298332066
1008.28,1542298332118
1008.31,1542298332168
1008.27,1542298332231
1008.27,1542298332269
1008.24,1542298332314
1008.25,1542298332392
1008.25,1542298332419
1008.26,1542298332465
1008.28,1542298332522
1008.3,1542298332573
1008.31,1542298332635
1008.31,1542298332672
1008.31,1542298332746
1008.29,1542298332771
1008.29,1542298332823
1008.29,1542298332872
1008.29,1542298332919
1008.31,1542298332973
1008.3,1542298333022
1008.29,1542298333074
1008.29,1542298333125
1008.29,1542298333178
1008.3,1542298333236
1008.3,1542298333272
1008.29,1542298333321
1008.29,1542298333377
1008.28,1542298333421
1008.27,1542298333477
1008.27,1542298333528
1008.28,1542298333596
1008.28,1542298333628
1008.29,1542298333677
1008.29,1542298333731
1008.3,1542298333777
1008.27,1542298333827
1008.27,1542298333882
1008.28,1542298333945
1008.28,1542298333986
1008.29,1542298334094
1008.31,1542298334108
1008.35,1542298334131
1008.3,1542298334198
1008.28,1542298334237
1008.27,1542298334287
1008.22,1542298334334
1008.21,1542298334384
1008.22,1542298334437
1008.21,1542298334486
1008.21,1542298334547
1008.22,1542298334598
1008.25,1542298334648
1008.24,1542298334686
1008.24,1542298334748
1008.26,1542298334794
1008.26,1542298334844
1008.29,1542298334902
1008.29,1542298334944
1008.29,1542298334997
1008.26,1542298335043
1008.27,1542298335138
1008.29,1542298335154
1008.32,1542298335199
1008.35,1542298335251
1008.32,1542298335292
1008.28,1542298335344
1008.28,1542298335395
1008.24,1542298335469
1008.22,1542298335495
1008.2,1542298335547
1008.18,1542298335602
1008.17,1542298335647
1008.16,1542298335696
1008.15,1542298335745
1008.16,1542298335797
1008.18,1542298335849
1008.18,1542298335901
1008.18,1542298335949
1008.15,1542298336005
1008.12,1542298336054
1008.12,1542298336144
1008.17,1542298336158
1008.2,1542298336211
1008.2,1542298336252
1008.18,1542298336306
1008.18,1542298336354
1008.2,1542298336405
1008.22,1542298336450
1008.23,1542298336504
1008.26,1542298336551
1008.24,1542298336631
1008.23,1542298336677
1008.23,1542298336703
1008.23,1542298336769
1008.23,1542298336803
1008.25,1542298336862
1008.24,1542298336904
1008.26,1542298336960
1008.26,1542298337006
1008.26,1542298337076
1008.25,1542298337109
1008.24,1542298337166
1008.24,1542298337241
1008.24,1542298337271
1008.23,1542298337312
1008.24,1542298337367
1008.23,1542298337431
1008.23,1542298337466
1008.2,1542298337513
1008.22,1542298337562
1008.23,1542298337619
1008.22,1542298337670
1008.22,1542298337725
1008.21,1542298337775
1008.22,1542298337816
1008.22,1542298337868
1008.22,1542298337924
1008.17,1542298337968
1008.14,1542298338016
1008.13,1542298338078
1008.09,1542298338120
1008.08,1542298338169
1008.08,1542298338223
1008.1,1542298338276
1008.1,1542298338329
1008.1,1542298338378
1008.12,1542298338430
1008.13,1542298338468
1008.18,1542298338519
1008.21,1542298338581
1008.21,1542298338629
1008.2,1542298338712
1008.21,1542298338725
1008.22,1542298338776
1008.22,1542298338825
1008.23,1542298338875
1008.22,1542298338927
1008.25,1542298338979
1008.26,1542298339036
1008.24,1542298339103
1008.25,1542298339131
1008.21,1542298339181
1008.2,1542298339327
1008.21,1542298339327
1008.18,1542298339335
1008.18,1542298339390
1008.17,1542298339439
1008.19,1542298339486
1008.19,1542298339540
1008.2,1542298339595
1008.21,1542298339638
1008.21,1542298339688
1008.21,1542298339759
1008.21,1542298339793
1008.19,1542298339850
1008.23,1542298339894
1008.21,1542298339961
1008.23,1542298339999
1008.22,1542298340103
1008.21,1542298340143
1008.21,1542298340170
1008.2,1542298340199
1008.19,1542298340250
1008.2,1542298340316
1008.19,1542298340347
1008.19,1542298340403
1008.21,1542298340452
1008.22,1542298340498
1008.21,1542298340622
1008.21,1542298340659
1008.21,1542298340659
1008.2,1542298340697
1008.21,1542298340752
1008.21,1542298340803
1008.2,1542298340868
1008.21,1542298340909
1008.22,1542298340950
1008.21,1542298341001
1008.21,1542298341051
1008.21,1542298341100
1008.22,1542298341152
1008.21,1542298341203
1008.24,1542298341259
1008.22,1542298341311
1008.21,1542298341387
1008.2,1542298341406
1008.2,1542298341453
1008.19,1542298341510
1008.2,1542298341554
1008.19,1542298341605
1008.21,1542298341661
1008.21,1542298341707
1008.2,1542298341768
1008.21,1542298341809
1008.24,1542298341864
1008.21,1542298341909
1008.21,1542298341979
1008.21,1542298342011
1008.17,1542298342067
1008.19,1542298342118
1008.19,1542298342166
1008.21,1542298342216
1008.19,1542298342286
1008.21,1542298342320
1008.21,1542298342367
1008.21,1542298342417
1008.21,1542298342463
1008.22,1542298342516
1008.23,1542298342574
1008.23,1542298342622
1008.25,1542298342665
1008.24,1542298342718
1008.24,1542298342786
1008.24,1542298342818
1008.22,1542298342875
1008.24,1542298342921
1008.23,1542298342972
1008.24,1542298343027
1008.24,1542298343067
1008.24,1542298343121
1008.22,1542298343173
1008.23,1542298343339
1008.24,1542298343339
1008.3,1542298343354
1008.33,1542298343373
1008.37,1542298343423
1008.4,1542298343473
1008.4,1542298343526
1008.4,1542298343573
1008.39,1542298343628
1008.35,1542298343674
1008.35,1542298343726
1008.33,1542298343905
1008.26,1542298343906
1008.17,1542298343906
1008.16,1542298343927
1008.13,1542298343979
1008.13,1542298344026
1008.12,1542298344076
1008.12,1542298344127
1008.14,1542298344202
1008.15,1542298344234
1008.18,1542298344291
1008.16,1542298344335
1008.16,1542298344396
1008.18,1542298344444
1008.18,1542298344485
1008.19,1542298344536
1008.22,1542298344582
1008.22,1542298344633
1008.23,1542298344686
1008.22,1542298344742
1008.2,1542298344804
1008.16,1542298344838
1008.17,1542298344891
1008.23,1542298344943
1008.26,1542298345014
1008.29,1542298345041
1008.31,1542298345087
1008.3,1542298345188
1008.28,1542298345192
1008.25,1542298345243
1008.23,1542298345289
1008.2,1542298345341
1008.2,1542298345389
1008.2,1542298345497
1008.2,1542298345507
1008.19,1542298345573
1008.19,1542298345590
1008.2,1542298345643
1008.19,1542298345693
1008.19,1542298345752
1008.2,1542298345799
1008.19,1542298345844
1008.17,1542298345895
1008.17,1542298345948
1008.18,1542298345995
1008.2,1542298346044
1008.22,1542298346159
1008.22,1542298346159
1008.22,1542298346192
1008.22,1542298346243
1008.22,1542298346292
1008.22,1542298346342
1008.22,1542298346451
1008.22,1542298346451
1008.23,1542298346494
1008.2,1542298346551
1008.21,1542298346599
1008.21,1542298346671
1008.23,1542298346696
1008.23,1542298346747
1008.25,1542298346801
1008.24,1542298346853
1008.25,1542298346896
1008.23,1542298346950
1008.23,1542298346998
1008.21,1542298347053
1008.24,1542298347100
1008.22,1542298347167
1008.23,1542298347203
1008.22,1542298347251
1008.19,1542298347303
1008.2,1542298347350
1008.2,1542298347469
1008.21,1542298347533
1008.2,1542298347542
1008.21,1542298347553
1008.21,1542298347603
1008.2,1542298347657
1008.19,1542298347707
1008.2,1542298347778
1008.2,1542298347820
1008.2,1542298347858
1008.21,1542298347909
1008.21,1542298347963
1008.2,1542298348008
1008.23,1542298348064
1008.22,1542298348120
1008.21,1542298348161
1008.21,1542298348223
1008.21,1542298348261
1008.2,1542298348328
1008.23,1542298348359
1008.23,1542298348413
1008.24,1542298348459
1008.22,1542298348511
1008.22,1542298348563
1008.23,1542298348611
1008.24,1542298348662
1008.26,1542298348717
1008.25,1542298348774
1008.25,1542298348818
1008.27,1542298348873
1008.25,1542298348931
1008.23,1542298348971
1008.23,1542298349015
1008.22,1542298349067
1008.21,1542298349122
1008.22,1542298349171
1008.22,1542298349220
1008.22,1542298349269
1008.21,1542298349320
1008.22,1542298349367
1008.22,1542298349425
1008.21,1542298349471
1008.21,1542298349522
1008.2,1542298349569
1008.2,1542298349621
1008.21,1542298349670
1008.21,1542298349724
1008.22,1542298349774
1008.23,1542298349824
1008.27,1542298349874
1008.26,1542298349930
1008.27,1542298349988
1008.29,1542298350027
1008.29,1542298350079
1008.29,1542298350156
1008.28,1542298350186
1008.29,1542298350255
1008.28,1542298350278
1008.26,1542298350336
1008.26,1542298350407
1008.25,1542298350428
1008.22,1542298350479
1008.19,1542298350532
1008.18,1542298350593
1008.21,1542298350633
1008.29,1542298350695
1008.35,1542298350734
1008.39,1542298350789
1008.42,1542298350848
1008.51,1542298350897
1008.53,1542298350935
1008.52,1542298350986
1008.47,1542298351082
1008.43,1542298351093
1008.39,1542298351149
1008.35,1542298351191
1008.27,1542298351277
1008.29,1542298351291
1008.24,1542298351354
1008.19,1542298351401
1008.16,1542298351443
1008.16,1542298351492
1008.15,1542298351543
1008.14,1542298351597
1008.14,1542298351645
1008.15,1542298351698
1008.13,1542298351839
1008.11,1542298351839
1008.11,1542298351863
1008.12,1542298351902
1008.13,1542298351954
1008.18,1542298352013
1008.2,1542298352056
1008.23,1542298352111
1008.24,1542298352155
1008.24,1542298352214
1008.25,1542298352260
1008.26,1542298352309
1008.27,1542298352357
1008.28,1542298352431
1008.25,1542298352463
1008.2,1542298352517
1008.16,1542298352560
1008.14,1542298352611
1008.12,1542298352659
1008.13,1542298352717
1008.17,1542298352802
1008.21,1542298352815
1008.21,1542298352870
1008.2,1542298352914
1008.16,1542298352981
1008.14,1542298353050
1008.14,1542298353073
1008.13,1542298353126
1008.16,1542298353170
1008.18,1542298353221
1008.18,1542298353268
1008.17,1542298353317
1008.2,1542298353367
1008.2,1542298353415
1008.2,1542298353467
1008.21,1542298353528
1008.23,1542298353571
1008.24,1542298353622
1008.22,1542298353673
1008.2,1542298353727
1008.19,1542298353773
1008.18,1542298353822
1008.19,1542298353875
1008.18,1542298353935
1008.19,1542298353977
1008.25,1542298354031
1008.25,1542298354079
1008.23,1542298354130
1008.28,1542298354176
1008.3,1542298354247
1008.29,1542298354292
1008.3,1542298354329
1008.31,1542298354385
1008.3,1542298354432
1008.29,1542298354498
1008.26,1542298354531
1008.24,1542298354589
1008.21,1542298354631
1008.21,1542298354723
1008.2,1542298354735
1008.19,1542298354787
1008.22,1542298354837
1008.25,1542298354906
1008.27,1542298354942
1008.26,1542298354994
1008.26,1542298355058
1008.23,1542298355106
1008.22,1542298355153
1008.21,1542298355190
1008.23,1542298355263
1008.25,1542298355293
1008.24,1542298355354
1008.23,1542298355397
1008.24,1542298355461
1008.25,1542298355496
1008.24,1542298355552
1008.22,1542298355598
1008.19,1542298355656
1008.18,1542298355702
1008.18,1542298355753
1008.18,1542298355846
1008.23,1542298355867
1008.25,1542298355899
1008.26,1542298355958
1008.23,1542298356004
1008.23,1542298356052
1008.23,1542298356105
1008.22,1542298356156
1008.23,1542298356215
1008.23,1542298356256
1008.25,1542298356318
1008.22,1542298356365
1008.2,1542298356405
1008.19,1542298356458
1008.21,1542298356507
1008.23,1542298356562
1008.25,1542298356609
1008.26,1542298356664
1008.27,1542298356713
1008.28,1542298356764
1008.27,1542298356833
1008.28,1542298356865
1008.23,1542298356918
1008.2,1542298356989
1008.18,1542298357019
1008.13,1542298357073
1008.11,1542298357119
1008.15,1542298357174
1008.19,1542298357271
1008.2,1542298357283
1008.22,1542298357323
1008.22,1542298357374
1008.22,1542298357434
1008.23,1542298357475
1008.23,1542298357525
1008.21,1542298357581
1008.22,1542298357653
1008.23,1542298357678
1008.21,1542298357750
1008.25,1542298357782
1008.23,1542298357829
1008.25,1542298357879
1008.23,1542298357929
1008.23,1542298357981
1008.24,1542298358034
1008.22,1542298358085
1008.24,1542298358139
1008.25,1542298358188
1008.27,1542298358233
1008.28,1542298358308
1008.28,1542298358334
1008.26,1542298358383
1008.29,1542298358436
1008.27,1542298358494
1008.26,1542298358539
1008.26,1542298358622
1008.29,1542298358640
1008.29,1542298358691
1008.26,1542298358743
1008.25,1542298358793
1008.23,1542298358844
1008.23,1542298358896
1008.23,1542298358959
1008.21,1542298358995
1008.22,1542298359042
1008.24,1542298359093
1008.24,1542298359141
1008.3,1542298359194
1008.29,1542298359242
1008.24,1542298359302
1008.27,1542298359341
1008.26,1542298359394
1008.25,1542298359444
1008.24,1542298359497
1008.23,1542298359548
1008.24,1542298359596
1008.23,1542298359647
1008.23,1542298359710
1008.3,1542298359746
1008.3,1542298359801
1008.27,1542298359853
1008.26,1542298359906
1008.22,1542298359959
1008.2,1542298360005
1008.17,1542298360056
1008.18,1542298360105
1008.2,1542298360157
1008.21,1542298360211
1008.26,1542298360257
1008.28,1542298360304
1008.27,1542298360355
1008.26,1542298360407
1008.24,1542298360468
1008.22,1542298360511
1008.17,1542298360558
1008.16,1542298360612
1008.16,1542298360665
1008.18,1542298360707
1008.18,1542298360763
1008.21,1542298360808
1008.23,1542298360858
1008.21,1542298360910
1008.22,1542298360961
1008.21,1542298361012
1008.23,1542298361061
1008.23,1542298361114
1008.23,1542298361159
1008.25,1542298361211
1008.25,1542298361262
1008.23,1542298361314
1008.23,1542298361362
1008.23,1542298361411
1008.23,1542298361484
1008.23,1542298361512
1008.22,1542298361566
1008.24,1542298361616
1008.22,1542298361672
1008.22,1542298361723
1008.23,1542298361767
1008.24,1542298361817
1008.25,1542298361872
1008.26,1542298361924
1008.28,1542298361972
1008.3,1542298362036
1008.27,1542298362072
1008.27,1542298362124
1008.29,1542298362181
1008.34,1542298362224
1008.34,1542298362274
1008.31,1542298362341
1008.3,1542298362374
1008.26,1542298362430
1008.26,1542298362485
1008.24,1542298362526
1008.24,1542298362581
1008.26,1542298362624
1008.26,1542298362695
1008.27,1542298362725
1008.3,1542298362778
1008.33,1542298362844
1008.31,1542298362885
1008.3,1542298362931
1008.25,1542298362978
1008.23,1542298363026
1008.23,1542298363080
1008.24,1542298363129
1008.25,1542298363178
1008.27,1542298363229
1008.29,1542298363277
1008.25,1542298363332
1008.25,1542298363383
1008.22,1542298363437
1008.2,1542298363479
1008.17,1542298363538
1008.16,1542298363585
1008.18,1542298363635
1008.24,1542298363686
1008.26,1542298363736
1008.26,1542298363792
1008.25,1542298363836
1008.23,1542298363902
1008.21,1542298363956
1008.19,1542298363992
1008.2,1542298364037
1008.22,1542298364085
1008.22,1542298364142
1008.23,1542298364185
1008.26,1542298364241
1008.24,1542298364286
1008.2,1542298364338
1008.19,1542298364394
1008.15,1542298364469
1008.14,1542298364486
1008.13,1542298364535
1008.15,1542298364585
1008.17,1542298364634
1008.19,1542298364687
1008.19,1542298364737
1008.19,1542298364787
1008.23,1542298364840
1008.24,1542298364890
1008.24,1542298364942
1008.25,1542298364994
1008.23,1542298365040
1008.23,1542298365108
1008.22,1542298365157
1008.22,1542298365193
1008.23,1542298365239
1008.22,1542298365291
1008.23,1542298365339
1008.23,1542298365401
1008.22,1542298365441
1008.18,1542298365491
1008.19,1542298365549
1008.22,1542298365592
1008.22,1542298365644
1008.2,1542298365693
1008.23,1542298365744
1008.23,1542298365792
1008.29,1542298365844
1008.3,1542298365895
1008.32,1542298365946
1008.33,1542298366004
1008.34,1542298366047
1008.34,1542298366099
1008.33,1542298366146
1008.33,1542298366197
1008.29,1542298366258
1008.28,1542298366297
1008.28,1542298366347
1008.25,1542298366399
1008.25,1542298366449
1008.25,1542298366510
1008.23,1542298366553
1008.2,1542298366601
1008.2,1542298366694
1008.2,1542298366714
1008.22,1542298366752
1008.22,1542298366810
1008.21,1542298366865
1008.22,1542298366901
1008.22,1542298366953
1008.21,1542298367002
1008.22,1542298367057
1008.21,1542298367108
1008.19,1542298367156
1008.21,1542298367214
1008.21,1542298367256
1008.24,1542298367306
1008.25,1542298367358
1008.27,1542298367409
1008.3,1542298367471
1008.3,1542298367535
1008.31,1542298367562
1008.31,1542298367621
1008.26,1542298367665
1008.24,1542298367711
1008.21,1542298367785
1008.21,1542298367812
1008.23,1542298367869
1008.25,1542298367915
1008.27,1542298367966
1008.31,1542298368021
1008.32,1542298368067
1008.31,1542298368141
1008.3,1542298368166
1008.25,1542298368216
1008.23,1542298368265
1008.22,1542298368330
1008.2,1542298368367
1008.21,1542298368415
1008.2,1542298368466
1008.19,1542298368524
1008.22,1542298368566
1008.22,1542298368620
1008.23,1542298368670
1008.26,1542298368725
1008.26,1542298368802
1008.27,1542298368820
1008.25,1542298368867
1008.23,1542298368925
1008.2,1542298368968
1008.22,1542298369022
1008.23,1542298369072
1008.23,1542298369125
1008.27,1542298369197
1008.3,1542298369224
1008.23,1542298369275
1008.21,1542298369323
1008.2,1542298369372
1008.2,1542298369428
1008.22,1542298369474
1008.25,1542298369549
1008.28,1542298369586
1008.23,1542298369634
1008.21,1542298369710
1008.18,1542298369728
1008.17,1542298369812
1008.14,1542298369829
1008.16,1542298369888
1008.16,1542298369934
1008.18,1542298370031
1008.21,1542298370043
1008.2,1542298370095
1008.2,1542298370139
1008.21,1542298370185
1008.22,1542298370236
1008.22,1542298370283
1008.2,1542298370335
1008.23,1542298370384
1008.23,1542298370437
1008.21,1542298370524
1008.23,1542298370543
1008.24,1542298370614
1008.25,1542298370643
1008.24,1542298370695
1008.23,1542298370740
1008.22,1542298370789
1008.23,1542298370865
1008.24,1542298370887
1008.25,1542298370938
1008.23,1542298370989
1008.25,1542298371043
1008.24,1542298371106
1008.23,1542298371145
1008.22,1542298371199
1008.23,1542298371248
1008.25,1542298371290
1008.24,1542298371342
1008.24,1542298371397
1008.23,1542298371445
1008.25,1542298371494
1008.24,1542298371666
1008.24,1542298371667
1008.26,1542298371667
1008.26,1542298371698
1008.26,1542298371741
1008.26,1542298371804
1008.26,1542298371841
1008.25,1542298371893
1008.24,1542298371943
1008.25,1542298371995
1008.26,1542298372044
1008.28,1542298372096
1008.28,1542298372142
1008.29,1542298372194
1008.31,1542298372269
1008.29,1542298372292
1008.25,1542298372344
1008.23,1542298372391
1008.23,1542298372444
1008.23,1542298372499
1008.26,1542298372561
1008.28,1542298372598
1008.29,1542298372656
1008.28,1542298372696
1008.27,1542298372758
1008.28,1542298372799
1008.28,1542298372846
1008.3,1542298372895
1008.34,1542298372953
1008.33,1542298372997
1008.32,1542298373047
1008.3,1542298373100
1008.29,1542298373149
1008.3,1542298373197
1008.31,1542298373251
1008.33,1542298373304
1008.34,1542298373349
1008.34,1542298373422
1008.32,1542298373453
1008.31,1542298373509
1008.31,1542298373578
1008.3,1542298373629
1008.31,1542298373654
1008.31,1542298373700
1008.28,1542298373750
1008.21,1542298373809
1008.1,1542298373858
1008.06,1542298373903
1008.02,1542298373956
1008.08,1542298374007
1008.08,1542298374053
1008.12,1542298374106
1008.14,1542298374152
1008.22,1542298374203
1008.24,1542298374266
1008.25,1542298374341
1008.21,1542298374419
1008.2,1542298374437
1008.18,1542298374467
1008.18,1542298374508
1008.16,1542298374575
1008.15,1542298374609
1008.16,1542298374674
1008.16,1542298374736
1008.2,1542298374761
1008.18,1542298374811
1008.19,1542298374865
1008.18,1542298374914
1008.19,1542298374966
1008.19,1542298375009
1008.19,1542298375383
1008.2,1542298375383
1008.22,1542298375384
1008.23,1542298375384
1008.23,1542298375391
1008.21,1542298375391
1008.24,1542298375391
1008.24,1542298375410
1008.22,1542298375464
1008.24,1542298375511
1008.26,1542298375563
1008.28,1542298375610
1008.29,1542298375662
1008.3,1542298375716
1008.29,1542298375776
1008.28,1542298375825
1008.27,1542298375904
1008.26,1542298375919
1008.26,1542298375975
1008.28,1542298376033
1008.26,1542298376076
1008.27,1542298376125
1008.24,1542298376171
1008.23,1542298376226
1008.23,1542298376276
1008.24,1542298376319
1008.26,1542298376371
1008.25,1542298376453
1008.25,1542298376490
1008.26,1542298376561
1008.25,1542298376575
1008.26,1542298376626
1008.25,1542298376676
1008.26,1542298376733
1008.25,1542298376774
1008.24,1542298376837
1008.23,1542298376873
1008.22,1542298376932
1008.22,1542298376976
1008.21,1542298377043
1008.21,1542298377075
1008.2,1542298377124
1008.22,1542298377190
1008.22,1542298377227
1008.22,1542298377310
1008.23,1542298377330
1008.21,1542298377385
1008.22,1542298377447
1008.21,1542298377489
1008.21,1542298377537
1008.21,1542298377579
1008.21,1542298377632
1008.21,1542298377680
1008.21,1542298377733
1008.22,1542298377781
1008.22,1542298377849
1008.21,1542298377879
1008.21,1542298377935
1008.21,1542298377980
1008.2,1542298378048
1008.2,1542298378082
1008.23,1542298378132
1008.22,1542298378183
1008.24,1542298378241
1008.25,1542298378295
1008.24,1542298378331
1008.25,1542298378382
1008.26,1542298378474
1008.25,1542298378485
1008.25,1542298378533
1008.25,1542298378592
1008.25,1542298378649
1008.23,1542298378686
1008.2,1542298378735
1008.18,1542298378789
1008.18,1542298378834
1008.22,1542298378891
1008.25,1542298378941
1008.27,1542298378994
1008.29,1542298379040
1008.31,1542298379089
1008.31,1542298379150
1008.31,1542298379191
1008.26,1542298379239
1008.24,1542298379289
1008.25,1542298379352
1008.24,1542298379389
1008.25,1542298379464
1008.23,1542298379500
1008.22,1542298379543
1008.21,1542298379598
1008.21,1542298379658
1008.21,1542298379722
1008.22,1542298379749
1008.21,1542298379795
1008.2,1542298379849
1008.2,1542298379899
1008.21,1542298379953
1008.2,1542298380007
1008.21,1542298380075
1008.23,1542298380101
1008.23,1542298380176
1008.23,1542298380202
1008.23,1542298380254
1008.22,1542298380300
1008.23,1542298380358
1008.23,1542298380402
1008.24,1542298380452
1008.25,1542298380529
1008.25,1542298380554
1008.25,1542298380608
1008.22,1542298380652
1008.23,1542298380760
1008.22,1542298380780
1008.24,1542298380812
1008.24,1542298380855
1008.22,1542298380904
1008.23,1542298380981
1008.24,1542298381052
1008.25,1542298381065
1008.26,1542298381107
1008.25,1542298381159
1008.22,1542298381207
1008.22,1542298381259
1008.21,1542298381306
1008.22,1542298381356
1008.21,1542298381408
1008.21,1542298381460
1008.22,1542298381505
1008.2,1542298381557
1008.22,1542298381611
1008.2,1542298381658
1008.19,1542298381750
1008.2,1542298381787
1008.23,1542298381806
1008.23,1542298381856
1008.22,1542298381913
1008.23,1542298381967
1008.23,1542298382008
1008.23,1542298382059
1008.22,1542298382112
1008.22,1542298382170
1008.22,1542298382213
1008.2,1542298382267
1008.19,1542298382316
1008.19,1542298382367
1008.18,1542298382417
1008.2,1542298382463
1008.19,1542298382513
1008.2,1542298382572
1008.2,1542298382613
1008.21,1542298382664
1008.22,1542298382712
1008.24,1542298382769
1008.26,1542298382811
1008.24,1542298382903
1008.24,1542298382924
1008.24,1542298382984
1008.24,1542298383045
1008.21,1542298383068
1008.23,1542298383117
1008.23,1542298383170
1008.22,1542298383218
1008.24,1542298383267
1008.24,1542298383322
1008.23,1542298383367
1008.24,1542298383421
1008.24,1542298383479
1008.24,1542298383526
1008.23,1542298383585
1008.23,1542298383668
1008.23,1542298383670
1008.24,1542298383722
1008.21,1542298383777
1008.22,1542298383827
1008.22,1542298383879
1008.23,1542298383927
1008.23,1542298383983
1008.25,1542298384027
1008.25,1542298384079
1008.23,1542298384128
1008.23,1542298384180
1008.22,1542298384233
1008.22,1542298384279
1008.21,1542298384337
1008.23,1542298384382
1008.24,1542298384430
1008.24,1542298384480
1008.23,1542298384556
1008.22,1542298384587
1008.23,1542298384633
1008.23,1542298384682
1008.22,1542298384738
1008.21,1542298384783
1008.23,1542298384831
1008.24,1542298384881
1008.24,1542298384939
1008.23,1542298385014
1008.21,1542298385048
1008.21,1542298385083
1008.23,1542298385138
1008.24,1542298385186
1008.23,1542298385236
1008.22,1542298385287
1008.22,1542298385353
1008.23,1542298385398
1008.23,1542298385435
1008.24,1542298385498
1008.21,1542298385541
1008.2,1542298385607
1008.21,1542298385642
1008.21,1542298385715
1008.22,1542298385745
1008.22,1542298385793
1008.23,1542298385856
1008.22,1542298385989
1008.24,1542298385990
1008.25,1542298386032
1008.24,1542298386049
1008.25,1542298386098
1008.25,1542298386151
1008.24,1542298386198
1008.24,1542298386245
1008.23,1542298386297
1008.24,1542298386374
1008.26,1542298386396
1008.26,1542298386450
1008.26,1542298386500
1008.26,1542298386549
1008.27,1542298386603
1008.27,1542298386648
1008.28,1542298386702
1008.3,1542298386750
1008.29,1542298386804
1008.27,1542298386867
1008.25,1542298386899
1008.22,1542298386957
1008.18,1542298387003
1008.18,1542298387053
1008.21,1542298387104
1008.2,1542298387193
1008.2,1542298387216
1008.18,1542298387260
1008.19,1542298387305
1008.21,1542298387382
1008.23,1542298387408
1008.23,1542298387455
1008.26,1542298387508
1008.22,1542298387598
1008.22,1542298387612
1008.22,1542298387659
1008.25,1542298387711
1008.25,1542298387766
1008.25,1542298387820
1008.24,1542298387885
1008.26,1542298387913
1008.25,1542298387966
1008.24,1542298388013
1008.24,1542298388063
1008.23,1542298388131
1008.22,1542298388165
1008.23,1542298388215
1008.23,1542298388263
1008.24,1542298388315
1008.24,1542298388365
1008.23,1542298388430
1008.2,1542298388482
1008.19,1542298388534
1008.19,1542298388571
1008.2,1542298388619
1008.23,1542298388671
1008.25,1542298388716
1008.25,1542298388821
1008.27,1542298388829
1008.25,1542298388866
1008.26,1542298388916
1008.26,1542298388966
1008.28,1542298389019
1008.31,1542298389068
1008.33,1542298389141
1008.33,1542298389207
1008.28,1542298389219
1008.2,1542298389272
1008.15,1542298389365
1008.11,1542298389383
1008.1,1542298389417
1008.09,1542298389471
1008.12,1542298389520
1008.12,1542298389576
1008.12,1542298389617
1008.14,1542298389671
1008.16,1542298389721
1008.18,1542298389767
1008.18,1542298389830
1008.18,1542298389874
1008.2,1542298389924
1008.21,1542298389979
1008.22,1542298390022
1008.23,1542298390071
1008.22,1542298390127
1008.22,1542298390175
1008.23,1542298390235
1008.22,1542298390272
1008.22,1542298390324
1008.22,1542298390379
1008.23,1542298390452
1008.28,1542298390488
1008.29,1542298390522
1008.29,1542298390575
1008.29,1542298390625
1008.29,1542298390684
1008.3,1542298390767
1008.32,1542298390775
1008.32,1542298390828
1008.3,1542298390881
1008.29,1542298390927
1008.3,1542298390995
1008.31,1542298391033
1008.34,1542298391086
1008.32,1542298391141
1008.43,1542298391185
1008.45,1542298391230
1008.41,1542298391300
1008.35,1542298391329
1008.2,1542298391388
1008.15,1542298391431
1008.12,1542298391485
1008.09,1542298391536
1008.08,1542298391583
1008.07,1542298391669
1008.06,1542298391682
1008.09,1542298391732
1008.1,1542298391783
1008.11,1542298391833
1008.15,1542298391882
1008.16,1542298391934
1008.15,1542298391986
1008.18,1542298392032
1008.19,1542298392103
1008.19,1542298392139
1008.21,1542298392189
1008.21,1542298392239
1008.2,1542298392289
1008.21,1542298392340
1008.2,1542298392388
1008.2,1542298392462
1008.21,1542298392494
1008.22,1542298392543
1008.23,1542298392590
1008.3,1542298392647
1008.32,1542298392703
1008.33,1542298392742
1008.33,1542298392811
1008.32,1542298392843
1008.3,1542298392893
1008.29,1542298392944
1008.26,1542298392993
1008.25,1542298393048
1008.27,1542298393123
1008.24,1542298393146
1008.23,1542298393193
1008.19,1542298393250
1008.17,1542298393325
1008.19,1542298393342
1008.18,1542298393400
1008.18,1542298393446
1008.19,1542298393511
1008.19,1542298393544
1008.21,1542298393595
1008.23,1542298393668
1008.26,1542298393698
1008.28,1542298393762
1008.28,1542298393804
1008.28,1542298393855
1008.3,1542298393903
1008.31,1542298393951
1008.29,1542298394004
1008.26,1542298394050
1008.27,1542298394114
1008.27,1542298394157
1008.27,1542298394205
1008.23,1542298394255
1008.21,1542298394310
1008.22,1542298394354
1008.21,1542298394405
1008.21,1542298394454
1008.18,1542298394513
1008.19,1542298394556
1008.19,1542298394632
1008.2,1542298394659
1008.18,1542298394704
1008.19,1542298394762
1008.19,1542298394810
1008.17,1542298394855
1008.18,1542298394912
1008.18,1542298394962
1008.17,1542298395012
1008.2,1542298395059
1008.21,1542298395108
1008.23,1542298395163
1008.23,1542298395218
1008.25,1542298395269
1008.23,1542298395309
1008.23,1542298395359
1008.22,1542298395409
1008.21,1542298395459
1008.26,1542298395511
1008.3,1542298395564
1008.32,1542298395611
1008.31,1542298395668
1008.32,1542298395712
1008.32,1542298395761
1008.31,1542298395813
1008.32,1542298395871
1008.3,1542298395909
1008.3,1542298395962
1008.29,1542298396010
1008.32,1542298396061
1008.38,1542298396110
1008.35,1542298396162
1008.31,1542298396221
1008.24,1542298396263
1008.23,1542298396317
1008.2,1542298396364
1008.19,1542298396414
1008.19,1542298396466
1008.22,1542298396519
1008.25,1542298396568
1008.28,1542298396623
1008.27,1542298396678
1008.25,1542298396720
1008.21,1542298396777
1008.19,1542298396860
1008.2,1542298396873
1008.22,1542298396933
1008.23,1542298396972
1008.27,1542298397018
1008.26,1542298397074
1008.24,1542298397118
1008.24,1542298397187
1008.24,1542298397216
1008.31,1542298397268
1008.31,1542298397329
1008.23,1542298397405
1008.24,1542298397423
1008.2,1542298397466
1008.18,1542298397517
1008.17,1542298397574
1008.15,1542298397627
1008.16,1542298397672
1008.22,1542298397720
1008.24,1542298397807
1008.25,1542298397818
1008.24,1542298397902
1008.26,1542298397918
1008.33,1542298397974
1008.34,1542298398018
1008.29,1542298398071
1008.24,1542298398127
1008.2,1542298398174
1008.19,1542298398222
1008.2,1542298398275
1008.19,1542298398325
1008.19,1542298398381
1008.23,1542298398423
1008.28,1542298398473
1008.3,1542298398522
1008.32,1542298398572
1008.27,1542298398621
1008.24,1542298398673
1008.23,1542298398723
1008.21,1542298398775
1008.2,1542298398826
1008.19,1542298398896
1008.19,1542298398926
1008.25,1542298398975
1008.28,1542298399030
1008.26,1542298399073
1008.22,1542298399127
1008.2,1542298399176
1008.19,1542298399234
1008.17,1542298399276
1008.13,1542298399387
1008.15,1542298399393
1008.14,1542298399430
1008.15,1542298399486
1008.15,1542298399533
1008.17,1542298399584
1008.2,1542298399641
1008.23,1542298399681
1008.23,1542298399736
1008.23,1542298399783
1008.23,1542298399839
1008.24,1542298399889
1008.23,1542298399942
1008.23,1542298399988
1008.23,1542298400039
1008.23,1542298400091
1008.24,1542298400142
1008.22,1542298400192
1008.22,1542298400242
1008.23,1542298400318
1008.22,1542298400348
1008.22,1542298400392
1008.23,1542298400442
1008.23,1542298400494
1008.23,1542298400557
1008.26,1542298400600
1008.29,1542298400640
1008.28,1542298400692
1008.3,1542298400749
1008.29,1542298400792
1008.29,1542298400842
1008.29,1542298400901
1008.25,1542298400948
1008.23,1542298400999
1008.28,1542298401046
1008.29,1542298401096
1008.3,1542298401172
1008.29,1542298401195
1008.27,1542298401247
1008.23,1542298401335
1008.24,1542298401351
1008.23,1542298401416
1008.22,1542298401446
1008.23,1542298401506
1008.24,1542298401547
1008.25,1542298401625
1008.25,1542298401649
1008.26,1542298401710
1008.3,1542298401749
1008.29,1542298401803
1008.24,1542298401850
1008.25,1542298401903
1008.22,1542298401956
1008.23,1542298402008
1008.25,1542298402059
1008.28,1542298402104
1008.29,1542298402156
1008.25,1542298402202
1008.27,1542298402252
1008.25,1542298402309
1008.24,1542298402352
1008.24,1542298402405
1008.22,1542298402459
1008.2,1542298402503
1008.21,1542298402556
1008.21,1542298402611
1008.21,1542298402662
1008.23,1542298402707
1008.24,1542298402821
1008.22,1542298402822
1008.21,1542298402855
1008.17,1542298402909
1008.17,1542298402953
1008.15,1542298403013
1008.16,1542298403053
1008.18,1542298403110
1008.2,1542298403156
1008.21,1542298403209
1008.23,1542298403268
1008.29,1542298403334
1008.29,1542298403373
1008.29,1542298403409
1008.3,1542298403462
1008.34,1542298403520
1008.32,1542298403560
1008.31,1542298403613
1008.27,1542298403680
1008.22,1542298403719
1008.22,1542298403770
1008.2,1542298403821
1008.21,1542298403865
1008.26,1542298403922
1008.26,1542298403967
1008.3,1542298404026
1008.34,1542298404066
1008.32,1542298404119
1008.24,1542298404171
1008.22,1542298404227
1008.21,1542298404274
1008.19,1542298404337
1008.18,1542298404372
1008.19,1542298404419
1008.22,1542298404483
1008.23,1542298404528
1008.24,1542298404575
1008.25,1542298404638
1008.25,1542298404673
1008.25,1542298404721
1008.22,1542298404781
1008.22,1542298404832
1008.22,1542298404873
1008.21,1542298404929
1008.22,1542298405006
1008.21,1542298405026
1008.32,1542298405077
1008.31,1542298405138
1008.25,1542298405180
1008.25,1542298405229
1008.22,1542298405283
1008.21,1542298405331
1008.23,1542298405379
1008.25,1542298405447
1008.26,1542298405477
1008.2,1542298405527
1008.22,1542298405580
1008.18,1542298405630
1008.18,1542298405694
1008.19,1542298405736
1008.23,1542298405784
1008.3,1542298405840
1008.29,1542298405897
1008.26,1542298405936
1008.31,1542298405986
1008.3,1542298406074
1008.29,1542298406096
1008.26,1542298406143
1008.23,1542298406195
1008.21,1542298406251
1008.22,1542298406294
1008.26,1542298406337
1008.23,1542298406397
1008.18,1542298406439
1008.16,1542298406489
1008.15,1542298406540
1008.13,1542298406603
1008.14,1542298406644
1008.15,1542298406692
1008.16,1542298406748
1008.15,1542298406795
1008.15,1542298406856
1008.19,1542298406902
1008.17,1542298406942
1008.19,1542298406996
1008.19,1542298407051
1008.19,1542298407094
1008.19,1542298407161
1008.2,1542298407205
1008.2,1542298407249
1008.22,1542298407300
1008.22,1542298407350
1008.23,1542298407429
1008.23,1542298407447
1008.22,1542298407512
1008.22,1542298407550
1008.21,1542298407610
1008.23,1542298407655
1008.23,1542298407704
1008.23,1542298407755
1008.27,1542298407803
1008.28,1542298407854
1008.31,1542298407911
1008.32,1542298407964
1008.33,1542298408002
1008.34,1542298408055
1008.35,1542298408103
1008.34,1542298408156
1008.31,1542298408211
1008.32,1542298408256
1008.28,1542298408314
1008.28,1542298408367
1008.25,1542298408404
1008.24,1542298408455
1008.21,1542298408506
1008.23,1542298408562
1008.23,1542298408615
1008.22,1542298408658
1008.23,1542298408710
1008.23,1542298408763
1008.22,1542298408820
1008.23,1542298408861
1008.23,1542298408911
1008.22,1542298408961
1008.24,1542298409032
1008.23,1542298409062
1008.23,1542298409108
1008.2,1542298409166
1008.2,1542298409206
1008.19,1542298409257
1008.16,1542298409306
1008.16,1542298409360
1008.17,1542298409430
1008.2,1542298409461
1008.22,1542298409513
1008.24,1542298409562
1008.26,1542298409621
1008.25,1542298409662
1008.27,1542298409715
1008.28,1542298409767
1008.31,1542298409861
1008.35,1542298409876
1008.38,1542298409925
1008.33,1542298409979
1008.32,1542298410020
1008.32,1542298410079
1008.29,1542298410124
1008.26,1542298410171
1008.2,1542298410225
1008.18,1542298410274
1008.16,1542298410327
1008.14,1542298410384
1008.16,1542298410439
1008.19,1542298410518
1008.2,1542298410530
1008.24,1542298410586
1008.32,1542298410629
1008.26,1542298410687
1008.23,1542298410729
1008.22,1542298410780
1008.18,1542298410832
1008.17,1542298410906
1008.17,1542298410971
1008.17,1542298410982
1008.14,1542298411037
1008.14,1542298411085
1008.12,1542298411135
1008.11,1542298411183
1008.12,1542298411235
1008.14,1542298411283
1008.14,1542298411336
1008.18,1542298411388
1008.2,1542298411434
1008.21,1542298411494
1008.22,1542298411535
1008.23,1542298411592
1008.22,1542298411636
1008.22,1542298411742
1008.24,1542298411742
1008.26,1542298411790
1008.25,1542298411836
1008.24,1542298411911
1008.23,1542298411937
1008.23,1542298411986
1008.23,1542298412035
1008.24,1542298412095
1008.27,1542298412137
1008.29,1542298412189
1008.29,1542298412236
1008.27,1542298412294
1008.27,1542298412339
1008.26,1542298412386
1008.26,1542298412438
1008.25,1542298412502
1008.27,1542298412542
1008.29,1542298412588
1008.35,1542298412667
1008.35,1542298412688
1008.32,1542298412741
1008.28,1542298412793
1008.23,1542298412839
1008.21,1542298412889
1008.21,1542298412938
1008.2,1542298412989
1008.19,1542298413043
1008.23,1542298413100
1008.25,1542298413146
1008.25,1542298413193
1008.27,1542298413242
1008.28,1542298413293
1008.3,1542298413357
1008.33,1542298413396
1008.29,1542298413445
1008.25,1542298413495
1008.2,1542298413552
1008.2,1542298413598
1008.19,1542298413650
1008.19,1542298413698
1008.18,1542298413755
1008.2,1542298413824
1008.23,1542298413853
1008.26,1542298413898
1008.31,1542298413952
1008.3,1542298414001
1008.3,1542298414058
1008.24,1542298414106
1008.21,1542298414152
1008.2,1542298414217
1008.19,1542298414253
1008.17,1542298414299
1008.2,1542298414353
1008.22,1542298414401
1008.25,1542298414451
1008.28,1542298414502
1008.35,1542298414559
1008.33,1542298414604
1008.25,1542298414655
1008.24,1542298414707
1008.19,1542298414765
1008.15,1542298414809
1008.16,1542298414858
1008.17,1542298414912
1008.22,1542298414966
1008.22,1542298415018
1008.24,1542298415062
1008.27,1542298415131
1008.32,1542298415205
1008.35,1542298415233
1008.32,1542298415263
1008.3,1542298415323
1008.22,1542298415363
1008.18,1542298415433
1008.16,1542298415464
1008.16,1542298415517
1008.17,1542298415564
1008.19,1542298415624
1008.21,1542298415669
1008.32,1542298415721
1008.32,1542298415798
1008.3,1542298415815
1008.26,1542298415876
1008.18,1542298415913
1008.17,1542298415969
1008.14,1542298416018
1008.11,1542298416139
1008.11,1542298416139
1008.1,1542298416176
1008.11,1542298416231
1008.14,1542298416271
1008.14,1542298416322
1008.17,1542298416371
1008.18,1542298416418
1008.19,1542298416487
1008.18,1542298416522
1008.19,1542298416579
1008.22,1542298416625
1008.22,1542298416673
1008.22,1542298416724
1008.24,1542298416790
1008.23,1542298416822
1008.21,1542298416875
1008.21,1542298416920
1008.22,1542298416983
1008.21,1542298417027
1008.2,1542298417114
1008.2,1542298417136
1008.26,1542298417189
1008.28,1542298417224
1008.31,1542298417278
1008.32,1542298417322
1008.27,1542298417375
1008.28,1542298417426
1008.26,1542298417475
1008.26,1542298417550
1008.25,1542298417581
1008.27,1542298417629
1008.29,1542298417691
1008.31,1542298417734
1008.29,1542298417792
1008.26,1542298417836
1008.23,1542298417888
1008.23,1542298417933
1008.21,1542298417986
1008.22,1542298418033
1008.23,1542298418106
1008.23,1542298418174
1008.23,1542298418185
1008.24,1542298418238
1008.23,1542298418294
1008.24,1542298418333
1008.25,1542298418385
1008.23,1542298418434
1008.23,1542298418485
1008.25,1542298418537
1008.26,1542298418590
1008.24,1542298418664
1008.24,1542298418689
1008.23,1542298418763
1008.21,1542298418793
1008.23,1542298418868
1008.23,1542298418903
1008.22,1542298418943
1008.21,1542298418994
1008.22,1542298419045
1008.23,1542298419093
1008.26,1542298419153
1008.26,1542298419213
1008.25,1542298419246
1008.22,1542298419291
1008.22,1542298419341
1008.22,1542298419427
1008.21,1542298419441
1008.22,1542298419500
1008.22,1542298419549
1008.22,1542298419597
1008.22,1542298419657
1008.3,1542298419699
1008.29,1542298419773
1008.27,1542298419795
1008.25,1542298419848
1008.23,1542298419898
1008.21,1542298419947
1008.19,1542298420001
1008.22,1542298420053
1008.23,1542298420106
1008.25,1542298420152
1008.28,1542298420202
1008.3,1542298420255
1008.23,1542298420300
1008.22,1542298420360
1008.22,1542298420408
1008.2,1542298420451
1008.2,1542298420541
1008.17,1542298420562
1008.16,1542298420604
1008.16,1542298420667
1008.18,1542298420707
1008.21,1542298420815
1008.22,1542298420815
1008.22,1542298420855
1008.21,1542298420907
1008.21,1542298420986
1008.21,1542298421006
1008.22,1542298421062
1008.23,1542298421109
1008.24,1542298421191
1008.26,1542298421224
1008.24,1542298421259
1008.21,1542298421309
1008.21,1542298421389
1008.23,1542298421406
1008.22,1542298421459
1008.22,1542298421522
1008.26,1542298421625
1008.29,1542298421625
1008.3,1542298421664
1008.29,1542298421711
1008.3,1542298421776
1008.29,1542298421812
1008.3,1542298421872
1008.31,1542298421914
1008.31,1542298421982
1008.31,1542298422013
1008.3,1542298422067
1008.28,1542298422172
1008.27,1542298422173
1008.24,1542298422218
1008.24,1542298422272
1008.24,1542298422319
1008.23,1542298422367
1008.22,1542298422420
1008.23,1542298422476
1008.23,1542298422529
1008.3,1542298422573
1008.3,1542298422622
1008.28,1542298422677
1008.25,1542298422723
1008.24,1542298422812
1008.22,1542298422823
1008.21,1542298422874
1008.22,1542298422925
1008.22,1542298423026
1008.23,1542298423056
1008.23,1542298423086
1008.25,1542298423280
1008.25,1542298423280
1008.28,1542298423281
1008.26,1542298423293
1008.23,1542298423351
1008.21,1542298423380
1008.2,1542298423447
1008.19,1542298423481
1008.18,1542298423540
1008.2,1542298423575
1008.21,1542298423645
1008.28,1542298423682
1008.29,1542298423742
1008.28,1542298423794
1008.25,1542298423835
1008.24,1542298423901
1008.23,1542298423931
1008.2,1542298423983
1008.19,1542298424029
1008.22,1542298424109
1008.22,1542298424128
1008.24,1542298424207
1008.33,1542298424228
1008.29,1542298424282
1008.26,1542298424329
1008.26,1542298424380
1008.25,1542298424432
1008.26,1542298424480
1008.23,1542298424531
1008.18,1542298424579
1008.18,1542298424651
1008.17,1542298424695
1008.17,1542298424735
1008.18,1542298424794
1008.18,1542298424834
1008.19,1542298424887
1008.2,1542298424961
1008.2,1542298424994
1008.2,1542298425040
1008.22,1542298425088
1008.23,1542298425163
1008.24,1542298425189
1008.24,1542298425234
1008.2,1542298425301
1008.2,1542298425340
1008.21,1542298425386
1008.23,1542298425461
1008.28,1542298425515
1008.3,1542298425542
1008.3,1542298425594
1008.31,1542298425643
1008.3,1542298425712
1008.32,1542298425740
1008.32,1542298425791
1008.32,1542298425867
1008.32,1542298425889
1008.29,1542298425942
1008.26,1542298425997
1008.26,1542298426051
1008.26,1542298426099
1008.25,1542298426145
1008.23,1542298426213
1008.23,1542298426244
1008.23,1542298426301
1008.27,1542298426401
1008.29,1542298426419
1008.32,1542298426454
1008.32,1542298426501
1008.29,1542298426556
1008.26,1542298426601
1008.23,1542298426655
1008.22,1542298426705
1008.21,1542298426771
1008.2,1542298426808
1008.21,1542298426856
1008.25,1542298426938
1008.26,1542298426957
1008.32,1542298427007
1008.26,1542298427057
1008.24,1542298427112
1008.2,1542298427157
1008.19,1542298427222
1008.18,1542298427268
1008.18,1542298427332
1008.19,1542298427387
1008.2,1542298427420
1008.17,1542298427467
1008.18,1542298427531
1008.19,1542298427562
1008.21,1542298427615
1008.22,1542298427662
1008.24,1542298427723
1008.26,1542298427766
1008.26,1542298427841
1008.26,1542298427870
1008.27,1542298427918
1008.29,1542298427975
1008.27,1542298428022
1008.26,1542298428089
1008.23,1542298428124
1008.2,1542298428276
1008.22,1542298428276
1008.23,1542298428276
1008.25,1542298428323
1008.24,1542298428372
1008.25,1542298428424
1008.23,1542298428474
1008.24,1542298428533
1008.23,1542298428576
1008.23,1542298428648
1008.22,1542298428678
1008.22,1542298428736
1008.21,1542298428776
1008.21,1542298428857
1008.22,1542298428878
1008.24,1542298428957
1008.24,1542298428978
1008.21,1542298429034
1008.2,1542298429084
1008.2,1542298429127
1008.19,1542298429178
1008.18,1542298429226
1008.19,1542298429276
1008.24,1542298429329
1008.33,1542298429429
1008.31,1542298429440
1008.3,1542298429478
1008.25,1542298429526
1008.25,1542298429578
1008.31,1542298429625
1008.29,1542298429677
1008.25,1542298429728
1008.22,1542298429776
1008.24,1542298429975
1008.27,1542298429976
1008.23,1542298429976
1008.23,1542298429983
1008.22,1542298430038
1008.21,1542298430082
1008.24,1542298430132
1008.26,1542298430181
1008.23,1542298430245
1008.22,1542298430284
1008.23,1542298430331
1008.24,1542298430381
1008.25,1542298430433
1008.26,1542298430485
1008.25,1542298430532
1008.24,1542298430587
1008.22,1542298430636
1008.23,1542298430687
1008.23,1542298430739
1008.24,1542298430843
1008.23,1542298430844
1008.21,1542298430887
1008.19,1542298430937
1008.22,1542298430991
1008.21,1542298431040
1008.2,1542298431092
1008.2,1542298431143
1008.19,1542298431189
1008.19,1542298431248
1008.21,1542298431289
1008.2,1542298431340
1008.23,1542298431394
1008.21,1542298431439
1008.24,1542298431493
1008.23,1542298431553
1008.23,1542298431594
1008.24,1542298431643
1008.24,1542298431727
1008.23,1542298431755
1008.23,1542298431797
1008.23,1542298431848
1008.23,1542298431892
1008.24,1542298431942
1008.23,1542298432005
1008.23,1542298432043
1008.22,1542298432098
1008.23,1542298432149
1008.24,1542298432202
1008.26,1542298432250
1008.32,1542298432324
1008.33,1542298432350
1008.33,1542298432397
1008.34,1542298432451
1008.32,1542298432498
1008.32,1542298432556
1008.33,1542298432607
1008.32,1542298432687
1008.31,1542298432746
1008.31,1542298432770
1008.31,1542298432803
1008.27,1542298432851
1008.25,1542298432921
1008.24,1542298432954
1008.23,1542298433003
1008.25,1542298433064
1008.23,1542298433117
1008.24,1542298433161
1008.24,1542298433204
1008.23,1542298433252
1008.23,1542298433301
1008.23,1542298433352
1008.26,1542298433403
1008.26,1542298433460
1008.25,1542298433508
1008.23,1542298433554
1008.25,1542298433607
1008.23,1542298433654
1008.22,1542298433713
1008.19,1542298433754
1008.17,1542298433802
1008.16,1542298433852
1008.15,1542298433904
1008.18,1542298433959
1008.18,1542298434004
1008.2,1542298434053
1008.2,1542298434103
1008.2,1542298434152
1008.2,1542298434203
1008.2,1542298434264
1008.22,1542298434305
1008.22,1542298434354
1008.22,1542298434421
1008.21,1542298434454
1008.23,1542298434515
1008.23,1542298434563
1008.23,1542298434608
1008.27,1542298434664
1008.28,1542298434709
1008.28,1542298434765
1008.28,1542298434812
1008.27,1542298434871
1008.29,1542298434912
1008.29,1542298434962
1008.3,1542298435015
1008.3,1542298435063
1008.31,1542298435122
1008.33,1542298435170
1008.3,1542298435214
1008.27,1542298435267
1008.28,1542298435319
1008.31,1542298435367
1008.33,1542298435417
1008.33,1542298435477
1008.32,1542298435518
1008.33,1542298435568
1008.33,1542298435630
1008.32,1542298435679
1008.29,1542298435778
1008.29,1542298435778
1008.31,1542298435861
1008.31,1542298435876
1008.31,1542298435935
1008.27,1542298435971
1008.25,1542298436042
1008.27,1542298436074
1008.27,1542298436131
1008.26,1542298436172
1008.24,1542298436226
1008.25,1542298436273
1008.26,1542298436326
1008.25,1542298436373
1008.25,1542298436429
1008.27,1542298436473
1008.27,1542298436528
1008.25,1542298436574
1008.24,1542298436624
1008.24,1542298436675
1008.23,1542298436726
1008.22,1542298436779
1008.23,1542298436866
1008.25,1542298436891
1008.24,1542298436929
1008.23,1542298436981
1008.25,1542298437028
1008.23,1542298437077
1008.24,1542298437128
1008.25,1542298437203
1008.28,1542298437233
1008.3,1542298437278
1008.29,1542298437326
1008.29,1542298437378
1008.27,1542298437441
1008.27,1542298437483
1008.24,1542298437533
1008.23,1542298437586
1008.23,1542298437646
1008.22,1542298437684
1008.21,1542298437735
1008.22,1542298437785
1008.24,1542298437838
1008.25,1542298437892
1008.28,1542298437948
1008.29,1542298437993
1008.28,1542298438040
1008.27,1542298438087
1008.28,1542298438138
1008.27,1542298438196
1008.24,1542298438252
1008.22,1542298438288
1008.23,1542298438344
1008.24,1542298438394
1008.25,1542298438439
1008.25,1542298438525
1008.25,1542298438545
1008.26,1542298438598
1008.25,1542298438643
1008.24,1542298438699
1008.24,1542298438749
1008.23,1542298438838
1008.22,1542298438845
1008.25,1542298438904
1008.27,1542298438946
1008.24,1542298438998
1008.23,1542298439050
1008.24,1542298439102
1008.25,1542298439148
1008.24,1542298439198
1008.25,1542298439288
1008.25,1542298439298
1008.27,1542298439358
1008.27,1542298439403
1008.28,1542298439451
1008.3,1542298439499
1008.3,1542298439554
1008.28,1542298439612
1008.27,1542298439655
1008.24,1542298439702
1008.23,1542298439755
1008.25,1542298439807
1008.24,1542298439858
1008.25,1542298439928
1008.26,1542298439975
1008.24,1542298440023
1008.22,1542298440056
1008.22,1542298440106
1008.21,1542298440156
1008.2,1542298440219
1008.21,1542298440265
1008.23,1542298440307
1008.24,1542298440356
1008.24,1542298440407
1008.23,1542298440503
1008.22,1542298440518
1008.22,1542298440562
1008.21,1542298440608
1008.21,1542298440665
1008.2,1542298440710
1008.2,1542298440759
1008.22,1542298440811
1008.23,1542298440863
1008.23,1542298440976
1008.24,1542298440976
1008.25,1542298441014
1008.25,1542298441064
1008.24,1542298441114
1008.23,1542298441160
1008.24,1542298441210
1008.25,1542298441261
1008.26,1542298441346
1008.27,1542298441363
1008.27,1542298441421
1008.29,1542298441473
1008.27,1542298441516
1008.26,1542298441579
1008.27,1542298441627
1008.25,1542298441677
1008.25,1542298441722
1008.24,1542298441771
1008.23,1542298441822
1008.23,1542298441894
1008.23,1542298441932
1008.24,1542298441970
1008.25,1542298442023
1008.27,1542298442073
1008.28,1542298442123
1008.27,1542298442171
1008.27,1542298442248
1008.26,1542298442271
1008.26,1542298442322
1008.24,1542298442373
1008.24,1542298442423
1008.25,1542298442474
1008.25,1542298442529
1008.27,1542298442637
1008.28,1542298442638
1008.31,1542298442677
1008.31,1542298442732
1008.33,1542298442785
1008.33,1542298442838
1008.32,1542298442904
1008.35,1542298442931
1008.34,1542298442984
1008.33,1542298443079
1008.27,1542298443086
1008.13,1542298443137
1008.09,1542298443182
1008.06,1542298443235
1008.08,1542298443288
1008.17,1542298443331
1008.18,1542298443379
1008.23,1542298443431
1008.33,1542298443485
1008.36,1542298443534
1008.36,1542298443582
1008.3,1542298443647
1008.21,1542298443738
1008.19,1542298443742
1008.2,1542298443785
1008.21,1542298443846
1008.22,1542298443887
1008.22,1542298443943
1008.21,1542298443991
1008.19,1542298444042
1008.18,1542298444098
1008.19,1542298444141
1008.15,1542298444246
1008.16,1542298444246
1008.15,1542298444290
1008.16,1542298444343
1008.18,1542298444395
1008.19,1542298444446
1008.21,1542298444506
1008.2,1542298444547
1008.21,1542298444599
1008.24,1542298444650
1008.23,1542298444703
1008.25,1542298444760
1008.28,1542298444803
1008.28,1542298444857
1008.28,1542298444926
1008.27,1542298444966
1008.27,1542298445003
1008.26,1542298445055
1008.23,1542298445109
1008.2,1542298445157
1008.19,1542298445208
1008.16,1542298445274
1008.15,1542298445304
1008.15,1542298445355
1008.16,1542298445407
1008.21,1542298445461
1008.23,1542298445506
1008.26,1542298445555
1008.29,1542298445607
1008.32,1542298445658
1008.32,1542298445717
1008.28,1542298445758
1008.23,1542298445808
1008.24,1542298445867
1008.22,1542298445911
1008.22,1542298445964
1008.25,1542298446013
1008.26,1542298446065
1008.22,1542298446120
1008.21,1542298446171
1008.19,1542298446221
1008.18,1542298446268
1008.17,1542298446318
1008.19,1542298446372
1008.22,1542298446416
1008.21,1542298446467
1008.22,1542298446520
1008.24,1542298446566
1008.23,1542298446623
1008.21,1542298446669
1008.22,1542298446717
1008.19,1542298446767
1008.2,1542298446817
1008.19,1542298446872
1008.17,1542298446919
1008.17,1542298446972
1008.18,1542298447021
1008.18,1542298447068
1008.18,1542298447140
1008.18,1542298447169
1008.21,1542298447218
1008.21,1542298447271
1008.22,1542298447318
1008.22,1542298447370
1008.22,1542298447418
1008.22,1542298447483
1008.21,1542298447527
1008.21,1542298447573
1008.2,1542298447635
1008.21,1542298447677
1008.21,1542298447739
1008.22,1542298447783
1008.22,1542298447826
1008.22,1542298447876
1008.23,1542298447929
1008.23,1542298447987
1008.22,1542298448030
1008.22,1542298448083
1008.21,1542298448130
1008.21,1542298448179
1008.2,1542298448232
1008.19,1542298448278
1008.23,1542298448329
1008.21,1542298448380
1008.2,1542298448438
1008.21,1542298448484
1008.22,1542298448535
1008.21,1542298448595
1008.2,1542298448660
1008.23,1542298448689
1008.25,1542298448741
1008.23,1542298448793
1008.24,1542298448843
1008.22,1542298448893
1008.24,1542298448943
1008.22,1542298449000
1008.21,1542298449047
1008.22,1542298449097
1008.25,1542298449167
1008.23,1542298449195
1008.23,1542298449245
1008.24,1542298449294
1008.23,1542298449345
1008.22,1542298449394
1008.22,1542298449445
1008.22,1542298449514
1008.22,1542298449543
1008.22,1542298449596
1008.23,1542298449650
1008.22,1542298449696
1008.23,1542298449746
1008.23,1542298449800
1008.23,1542298449871
1008.23,1542298449902
1008.23,1542298449948
1008.23,1542298450017
1008.22,1542298450051
1008.23,1542298450104
1008.23,1542298450152
1008.21,1542298450203
1008.22,1542298450249
1008.23,1542298450349
1008.26,1542298450363
1008.25,1542298450420
1008.24,1542298450463
1008.26,1542298450597
1008.23,1542298450597
1008.23,1542298450656
1008.25,1542298450667
1008.24,1542298450713
1008.26,1542298450766
1008.25,1542298450828
1008.24,1542298450864
1008.24,1542298450924
1008.25,1542298450976
1008.25,1542298451032
1008.23,1542298451072
1008.22,1542298451124
1008.23,1542298451173
1008.21,1542298451222
1008.2,1542298451299
1008.23,1542298451329
1008.24,1542298451370
1008.24,1542298451422
1008.25,1542298451472
1008.23,1542298451539
1008.22,1542298451579
1008.22,1542298451646
1008.24,1542298451675
1008.26,1542298451724
1008.25,1542298451772
1008.25,1542298451847
1008.26,1542298451892
1008.24,1542298451929
1008.24,1542298451991
1008.23,1542298452033
1008.24,1542298452086
1008.26,1542298452141
1008.24,1542298452185
1008.22,1542298452241
1008.24,1542298452283
1008.23,1542298452344
1008.23,1542298452387
1008.25,1542298452445
1008.25,1542298452486
1008.25,1542298452536
1008.26,1542298452604
1008.25,1542298452645
1008.24,1542298452696
1008.23,1542298452744
1008.22,1542298452808
1008.25,1542298452851
1008.25,1542298452923
1008.26,1542298452949
1008.26,1542298452996
1008.25,1542298453056
1008.24,1542298453096
1008.24,1542298453150
1008.24,1542298453223
1008.21,1542298453257
1008.22,1542298453298
1008.23,1542298453345
1008.23,1542298453405
1008.26,1542298453454
1008.24,1542298453496
1008.23,1542298453552
1008.24,1542298453616
1008.23,1542298453651
1008.23,1542298453733
1008.24,1542298453752
1008.22,1542298453802
1008.21,1542298453886
1008.2,1542298453907
1008.21,1542298453967
1008.21,1542298454005
1008.22,1542298454058
1008.23,1542298454109
1008.24,1542298454188
1008.24,1542298454210
1008.24,1542298454257
1008.24,1542298454307
1008.23,1542298454419
1008.23,1542298454420
1008.24,1542298454478
1008.23,1542298454511
1008.25,1542298454579
1008.25,1542298454611
1008.24,1542298454671
1008.24,1542298454713
1008.24,1542298454772
1008.23,1542298454828
1008.24,1542298454880
1008.23,1542298454917
1008.23,1542298454967
1008.25,1542298455019
1008.23,1542298455066
1008.23,1542298455132
1008.23,1542298455173
1008.22,1542298455217
1008.22,1542298455273
1008.21,1542298455313
1008.21,1542298455363
1008.22,1542298455414
1008.23,1542298455497
1008.24,1542298455528
1008.23,1542298455567
1008.24,1542298455618
1008.22,1542298455695
1008.23,1542298455724
1008.21,1542298455766
1008.22,1542298455818
1008.19,1542298455875
1008.2,1542298455919
1008.21,1542298455970
1008.22,1542298456023
1008.23,1542298456090
1008.2,1542298456124
1008.23,1542298456177
1008.21,1542298456225
1008.22,1542298456369
1008.24,1542298456395
1008.22,1542298456408
1008.24,1542298456485
1008.22,1542298457200
1008.25,1542298457533
1008.26,1542298457534
1008.24,1542298457534
1008.23,1542298457534
1008.23,1542298457534
1008.23,1542298457534
1008.23,1542298457591
1008.23,1542298457591
1008.23,1542298457591
1008.21,1542298457698
1008.22,1542298457699
1008.21,1542298457699
1008.23,1542298457699
1008.23,1542298457699
1008.22,1542298457699
1008.22,1542298457699
1008.23,1542298457782
1008.22,1542298457782
1008.21,1542298457783
1008.23,1542298457783
1008.23,1542298457783
1008.23,1542298457783
1008.22,1542298457783
1008.22,1542298457783
1008.23,1542298457783
1008.24,1542298458332
1008.23,1542298458389
1008.24,1542298458403
1008.22,1542298458511
1008.23,1542298458534
1008.23,1542298458535
1008.22,1542298458535
1008.24,1542298458535
1008.24,1542298458535
1008.2,1542298458535
1008.21,1542298458535
1008.22,1542298458535
1008.21,1542298458535
1008.21,1542298458561
1008.19,1542298458561
1008.19,1542298458588
1008.19,1542298459470
1008.23,1542298459471
1008.22,1542298459471
1008.21,1542298459479
1008.21,1542298459479
1008.23,1542298459479
1008.23,1542298459479
1008.22,1542298459479
1008.21,1542298459481
1008.21,1542298459493
1008.22,1542298459501
1008.26,1542298459505
1008.23,1542298459511
1008.26,1542298459518
1008.25,1542298459523
1008.25,1542298459537
1008.27,1542298459542
1008.28,1542298459546
1008.27,1542298459553
1008.24,1542298459585
1008.26,1542298459679
1008.23,1542298459706
1008.22,1542298459743
1008.18,1542298459807
1008.16,1542298459901
1008.15,1542298459963
1008.13,1542298459967
1008.15,1542298460002
1008.17,1542298460044
1008.18,1542298460101
1008.23,1542298460146
1008.25,1542298460242
1008.25,1542298460263
1008.26,1542298460297
1008.27,1542298460344
1008.26,1542298460402
1008.26,1542298460456
1008.23,1542298460498
1008.23,1542298460554
1008.2,1542298460599
1008.18,1542298460653
1008.16,1542298460699
1008.17,1542298460755
1008.2,1542298460822
1008.25,1542298460852
1008.27,1542298460909
1008.29,1542298460976
1008.29,1542298461009
1008.28,1542298461060
1008.29,1542298461116
1008.27,1542298461241
1008.22,1542298461241
1008.18,1542298461263
1008.17,1542298461307
1008.16,1542298461353
1008.22,1542298461406
1008.25,1542298461459
1008.27,1542298461515
1008.26,1542298461605
1008.27,1542298461623
1008.23,1542298461672
1008.19,1542298461729
1008.2,1542298461768
1008.22,1542298461816
1008.21,1542298461871
1008.2,1542298461917
1008.21,1542298462006
1008.23,1542298462027
1008.21,1542298462082
1008.21,1542298462129
1008.22,1542298462175
1008.24,1542298462263
1008.23,1542298462269
1008.23,1542298462349
1008.25,1542298462371
1008.26,1542298462428
1008.26,1542298462479
1008.26,1542298462527
1008.27,1542298462610
1008.25,1542298462627
1008.24,1542298462674
1008.24,1542298462730
1008.24,1542298462956
1008.23,1542298462956
1008.22,1542298462956
1008.21,1542298462957
1008.23,1542298462974
1008.22,1542298463026
1008.22,1542298463079
1008.24,1542298463164
1008.24,1542298463197
1008.24,1542298463228
1008.24,1542298463331
1008.23,1542298463354
1008.24,1542298463382
1008.24,1542298463441
1008.25,1542298463483
1008.25,1542298463538
1008.27,1542298463584
1008.26,1542298463649
1008.25,1542298463689
1008.24,1542298463743
1008.24,1542298463792
1008.23,1542298463840
1008.22,1542298463891
1008.23,1542298463941
1008.24,1542298464002
1008.21,1542298464039
1008.22,1542298464195
1008.21,1542298464195
1008.21,1542298464195
1008.22,1542298464313
1008.22,1542298464313
1008.22,1542298464346
1008.2,1542298464413
1008.2,1542298464444
1008.2,1542298464496
1008.21,1542298464564
1008.21,1542298464617
1008.17,1542298464648
1008.17,1542298464699
1008.14,1542298464751
1008.16,1542298464802
1008.14,1542298464869
1008.14,1542298464904
1008.14,1542298464949
1008.16,1542298464997
1008.17,1542298465059
1008.18,1542298465103
1008.18,1542298465157
1008.19,1542298465214
1008.19,1542298465258
1008.22,1542298465304
1008.22,1542298465367
1008.21,1542298465501
1008.21,1542298465501
1008.24,1542298465522
1008.26,1542298465562
1008.23,1542298465609
1008.25,1542298465660
1008.28,1542298465711
1008.29,1542298465769
1008.31,1542298465809
1008.3,1542298465859
1008.26,1542298465911
1008.27,1542298465966
1008.22,1542298466013
1008.23,1542298466068
1008.21,1542298466117
1008.24,1542298466168
1008.24,1542298466248
1008.25,1542298466272
1008.25,1542298466319
1008.23,1542298466364
1008.23,1542298466417
1008.23,1542298466466
1008.21,1542298466529
1008.22,1542298466587
1008.22,1542298466627
1008.21,1542298466672
1008.2,1542298466724
1008.19,1542298466781
1008.17,1542298466835
1008.16,1542298466879
1008.16,1542298466932
1008.16,1542298466983
1008.18,1542298467030
1008.2,1542298467079
1008.21,1542298467139
1008.22,1542298467188
1008.23,1542298467227
1008.22,1542298467283
1008.21,1542298467337
1008.21,1542298467384
1008.19,1542298467435
1008.19,1542298467481
1008.18,1542298467539
1008.22,1542298467584
1008.24,1542298467656
1008.27,1542298467687
1008.27,1542298467738
1008.25,1542298467792
1008.21,1542298467841
1008.19,1542298468025
1008.17,1542298468025
1008.17,1542298468025
1008.16,1542298468088
1008.18,1542298468101
1008.22,1542298468149
1008.26,1542298468193
1008.29,1542298468253
1008.3,1542298468293
1008.31,1542298468345
1008.3,1542298468400
1008.3,1542298468459
1008.3,1542298468502
1008.29,1542298468549
1008.28,1542298468615
1008.27,1542298468651
1008.27,1542298468712
1008.26,1542298468753
1008.25,1542298468809
1008.26,1542298468860
1008.25,1542298468908
1008.25,1542298468959
1008.23,1542298469006
1008.24,1542298469058
1008.27,1542298469115
1008.27,1542298469159
1008.26,1542298469259
1008.23,1542298469274
1008.24,1542298469325
1008.24,1542298469361
1008.25,1542298469413
1008.27,1542298469461
1008.22,1542298469517
1008.23,1542298469563
1008.23,1542298469614
1008.25,1542298469669
1008.24,1542298469717
1008.21,1542298469768
1008.21,1542298469816
1008.17,1542298469868
1008.14,1542298469920
1008.13,1542298469967
1008.14,1542298470023
1008.11,1542298470070
1008.13,1542298470227
1008.16,1542298470227
1008.18,1542298470274
1008.2,1542298470309
1008.21,1542298470330
1008.18,1542298470415
1008.2,1542298470426
1008.2,1542298470481
1008.2,1542298470521
1008.17,1542298470578
1008.2,1542298470624
1008.21,1542298470678
1008.22,1542298470746
1008.25,1542298470778
1008.24,1542298470826
1008.23,1542298470899
1008.25,1542298470931
1008.25,1542298470979
1008.27,1542298471029
1008.25,1542298471088
1008.24,1542298471216
1008.24,1542298471216
1008.22,1542298471231
1008.24,1542298471293
1008.23,1542298471331
1008.23,1542298471379
1008.22,1542298471447
1008.23,1542298471479
1008.22,1542298471541
1008.23,1542298471581
1008.24,1542298471650
1008.22,1542298471691
1008.23,1542298471734
1008.23,1542298471794
1008.23,1542298471838
1008.22,1542298471894
1008.23,1542298471938
1008.23,1542298471993
1008.22,1542298472044
1008.23,1542298472091
1008.23,1542298472145
1008.22,1542298472190
1008.2,1542298472245
1008.21,1542298472294
1008.22,1542298472342
1008.23,1542298472397
1008.21,1542298472449
1008.21,1542298472499
1008.21,1542298472571
1008.23,1542298472654
1008.24,1542298472654
1008.25,1542298472697
1008.26,1542298472752
1008.26,1542298472798
1008.25,1542298472853
1008.23,1542298472898
1008.24,1542298472963
1008.24,1542298473002
1008.23,1542298473054
1008.22,1542298473101
1008.22,1542298473150
1008.23,1542298473204
1008.24,1542298473249
1008.24,1542298473301
1008.24,1542298473355
1008.24,1542298473418
1008.24,1542298473452
1008.23,1542298473512
1008.23,1542298473568
1008.21,1542298473606
1008.21,1542298473657
1008.2,1542298473705
1008.21,1542298473779
1008.24,1542298473810
1008.24,1542298473855
1008.24,1542298473910
1008.22,1542298473965
1008.19,1542298474023
1008.17,1542298474063
1008.17,1542298474113
1008.18,1542298474159
1008.19,1542298474208
1008.21,1542298474262
1008.23,1542298474307
1008.27,1542298474458
1008.29,1542298474459
1008.3,1542298474459
1008.27,1542298474522
1008.24,1542298474566
1008.26,1542298474621
1008.27,1542298474663
1008.26,1542298474714
1008.24,1542298474764
1008.24,1542298474825
1008.25,1542298474874
1008.23,1542298474920
1008.23,1542298474969
1008.28,1542298475021
1008.32,1542298475070
1008.33,1542298475147
1008.32,1542298475168
1008.27,1542298475222
1008.27,1542298475280
1008.27,1542298475320
1008.28,1542298475373
1008.29,1542298475441
1008.28,1542298475474
1008.28,1542298475528
1008.33,1542298475591
1008.33,1542298475624
1008.29,1542298475684
1008.25,1542298475770
1008.19,1542298475805
1008.18,1542298475827
1008.15,1542298475877
1008.15,1542298475928
1008.17,1542298476038
1008.19,1542298476051
1008.2,1542298476085
1008.21,1542298476127
1008.22,1542298476192
1008.23,1542298476228
1008.25,1542298476312
1008.27,1542298476331
1008.25,1542298476383
1008.26,1542298476432
1008.22,1542298476483
1008.23,1542298476557
1008.21,1542298476584
1008.2,1542298476635
1008.19,1542298476687
1008.24,1542298476738
1008.25,1542298476788
1008.18,1542298476836
1008.18,1542298476897
1008.15,1542298476946
1008.17,1542298477115
1008.17,1542298477116
1008.2,1542298477116
1008.22,1542298477195
1008.22,1542298477212
1008.23,1542298477247
1008.22,1542298477298
1008.27,1542298477345
1008.31,1542298477400
1008.3,1542298477450
1008.3,1542298477499
1008.31,1542298477548
1008.28,1542298477601
1008.24,1542298477655
1008.26,1542298477714
1008.29,1542298477752
1008.29,1542298477811
1008.32,1542298477854
1008.33,1542298477920
1008.36,1542298477962
1008.35,1542298478025
1008.31,1542298478061
1008.29,1542298478115
1008.25,1542298478165
1008.23,1542298478208
1008.18,1542298478268
1008.17,1542298478305
1008.18,1542298478357
1008.16,1542298478408
1008.18,1542298478458
1008.21,1542298478517
1008.22,1542298478561
1008.24,1542298478613
1008.26,1542298478721
1008.25,1542298478722
1008.22,1542298478764
1008.2,1542298478815
1008.19,1542298478868
1008.19,1542298478934
1008.17,1542298478966
1008.19,1542298479013
1008.16,1542298479071
1008.17,1542298479115
1008.16,1542298479170
1008.16,1542298479225
1008.16,1542298479272
1008.17,1542298479315
1008.25,1542298479368
1008.29,1542298479456
1008.3,1542298479466
1008.28,1542298479521
1008.27,1542298479579
1008.28,1542298479631
1008.27,1542298479665
1008.2,1542298479713
1008.2,1542298479763
1008.21,1542298479818
1008.21,1542298479867
1008.22,1542298479924
1008.23,1542298479969
1008.24,1542298480021
1008.21,1542298480072
1008.22,1542298480124
1008.2,1542298480170
1008.18,1542298480219
1008.17,1542298480273
1008.21,1542298480328
1008.2,1542298480368
1008.19,1542298480426
1008.19,1542298480477
1008.21,1542298480527
1008.22,1542298480584
1008.23,1542298480625
1008.23,1542298480673
1008.21,1542298480722
1008.21,1542298480840
1008.22,1542298480841
1008.2,1542298480879
1008.21,1542298480936
1008.22,1542298480981
1008.24,1542298481027
1008.26,1542298481087
1008.25,1542298481137
1008.25,1542298481176
1008.26,1542298481226
1008.27,1542298481277
1008.23,1542298481341
1008.24,1542298481384
1008.24,1542298481436
1008.23,1542298481484
1008.22,1542298481534
1008.21,1542298481585
1008.22,1542298481632
1008.24,1542298481685
1008.24,1542298481734
1008.24,1542298481806
1008.25,1542298481845
1008.24,1542298481888
1008.23,1542298481937
1008.24,1542298481990
1008.24,1542298482063
1008.23,1542298482090
1008.24,1542298482161
1008.24,1542298482189
1008.25,1542298482239
1008.25,1542298482299
1008.27,1542298482341
1008.24,1542298482394
1008.25,1542298482443
1008.26,1542298482507
1008.27,1542298482544
1008.27,1542298482592
1008.28,1542298482643
1008.27,1542298482694
1008.27,1542298482757
1008.26,1542298482796
1008.27,1542298482849
1008.27,1542298482896
1008.26,1542298482966
1008.25,1542298483010
1008.27,1542298483060
1008.26,1542298483095
1008.22,1542298483150
1008.2,1542298483194
1008.22,1542298483291
1008.2,1542298483298
1008.19,1542298483347
1008.19,1542298483401
1008.22,1542298483452
1008.22,1542298483624
1008.21,1542298483624
1008.19,1542298483624
1008.2,1542298483655
1008.2,1542298483709
1008.21,1542298483793
1008.21,1542298483828
1008.25,1542298483888
1008.23,1542298483907
1008.22,1542298483958
1008.22,1542298484012
1008.2,1542298484062
1008.21,1542298484110
1008.21,1542298484162
1008.24,1542298484228
1008.23,1542298484278
1008.23,1542298484312
1008.24,1542298484362
1008.25,1542298484411
1008.24,1542298484465
1008.23,1542298484516
1008.25,1542298484585
1008.26,1542298484629
1008.26,1542298484678
1008.27,1542298484718
1008.27,1542298484765
1008.26,1542298484848
1008.28,1542298484867
1008.31,1542298484917
1008.32,1542298484968
1008.32,1542298485078
1008.29,1542298485080
1008.26,1542298485122
1008.26,1542298485178
1008.26,1542298485230
1008.26,1542298485278
1008.26,1542298485323
1008.25,1542298485381
1008.23,1542298485465
1008.23,1542298485473
1008.22,1542298485526
1008.23,1542298485574
1008.22,1542298485623
1008.23,1542298485698
1008.22,1542298485726
1008.23,1542298485781
1008.2,1542298485826
1008.2,1542298485912
1008.2,1542298485931
1008.21,1542298486003
1008.24,1542298486044
1008.24,1542298486091
1008.28,1542298486135
1008.28,1542298486183
1008.28,1542298486258
1008.26,1542298486326
1008.25,1542298486365
1008.25,1542298486386
1008.25,1542298486438
1008.25,1542298486514
1008.24,1542298486537
1008.24,1542298486583
1008.24,1542298486658
1008.2,1542298486686
1008.19,1542298486737
1008.2,1542298486790
1008.22,1542298486841
1008.22,1542298486914
1008.21,1542298486959
1008.22,1542298486995
1008.23,1542298487043
1008.22,1542298487207
1008.2,1542298487208
1008.2,1542298487208
1008.22,1542298487251
1008.25,1542298487294
1008.25,1542298487345
1008.26,1542298487399
1008.26,1542298487457
1008.28,1542298487500
1008.26,1542298487552
1008.28,1542298487602
1008.29,1542298487652
1008.28,1542298487705
1008.27,1542298487769
1008.27,1542298487823
1008.29,1542298487856
1008.31,1542298487908
1008.3,1542298487957
1008.3,1542298488004
1008.28,1542298488058
1008.21,1542298488109
1008.19,1542298488156
1008.19,1542298488206
1008.2,1542298488259
1008.19,1542298488310
1008.23,1542298488358
1008.23,1542298488413
1008.31,1542298488461
1008.37,1542298488514
1008.39,1542298488569
1008.37,1542298488614
1008.35,1542298488666
1008.33,1542298488865
1008.3,1542298488865
1008.29,1542298488865
1008.28,1542298488899
1008.29,1542298488917
1008.24,1542298488976
1008.2,1542298489024
1008.18,1542298489126
1008.17,1542298489126
1008.17,1542298489173
1008.17,1542298489237
1008.17,1542298489275
1008.17,1542298489336
1008.16,1542298489378
1008.15,1542298489431
1008.17,1542298489479
1008.19,1542298489536
1008.2,1542298489707
1008.19,1542298489707
1008.22,1542298489708
1008.21,1542298489736
1008.21,1542298489791
1008.26,1542298489839
1008.27,1542298489896
1008.26,1542298489939
1008.25,1542298489997
1008.25,1542298490040
1008.24,1542298490089
1008.26,1542298490139
1008.26,1542298490197
1008.29,1542298490237
1008.32,1542298490289
1008.35,1542298490343
1008.35,1542298490390
1008.33,1542298490453
1008.32,1542298490511
1008.26,1542298490554
1008.24,1542298490602
1008.22,1542298490671
1008.22,1542298490713
1008.24,1542298490746
1008.23,1542298490806
1008.24,1542298490853
1008.24,1542298490914
1008.2,1542298490951
1008.2,1542298491094
1008.15,1542298491094
1008.14,1542298491154
1008.14,1542298491154
1008.14,1542298491204
1008.15,1542298491254
1008.16,1542298491305
1008.18,1542298491378
1008.17,1542298491404
1008.21,1542298491477
1008.21,1542298491508
1008.21,1542298491576
1008.21,1542298491708
1008.22,1542298491708
1008.21,1542298491719
1008.22,1542298491757
1008.2,1542298491806
1008.22,1542298491864
1008.2,1542298491912
1008.22,1542298491968
1008.25,1542298492012
1008.25,1542298492066
1008.25,1542298492115
1008.23,1542298492183
1008.23,1542298492215
1008.21,1542298492266
1008.22,1542298492321
1008.22,1542298492395
1008.24,1542298492416
1008.25,1542298492468
1008.29,1542298492531
1008.3,1542298492589
1008.31,1542298492623
1008.35,1542298492677
1008.36,1542298492734
1008.41,1542298492778
1008.45,1542298492833
1008.38,1542298492877
1008.35,1542298492925
1008.28,1542298493156
1008.16,1542298493156
1008.1,1542298493156
1008.1,1542298493157
1008.1,1542298493187
1008.13,1542298493236
1008.14,1542298493277
1008.17,1542298493333
1008.18,1542298493383
1008.19,1542298493431
1008.22,1542298493476
1008.21,1542298493526
1008.21,1542298493583
1008.2,1542298493640
1008.23,1542298493680
1008.33,1542298493738
1008.34,1542298493790
1008.39,1542298493832
1008.42,1542298493882
1008.48,1542298493956
1008.48,1542298493989
1008.47,1542298494039
1008.38,1542298494088
1008.33,1542298494147
1008.28,1542298494188
1008.26,1542298494240
1008.21,1542298494286
1008.21,1542298494343
1008.17,1542298494394
1008.13,1542298494439
1008.08,1542298494497
1008.08,1542298494537
1008.08,1542298494585
1008.09,1542298494643
1008.12,1542298494691
1008.14,1542298494739
1008.14,1542298494790
1008.19,1542298494837
1008.19,1542298494888
1008.22,1542298494946
1008.23,1542298494990
1008.22,1542298495050
1008.24,1542298495096
1008.23,1542298495145
1008.22,1542298495196
1008.22,1542298495244
1008.22,1542298495294
1008.24,1542298495346
1008.22,1542298495399
1008.22,1542298495473
1008.23,1542298495505
1008.22,1542298495547
1008.25,1542298495597
1008.24,1542298495670
1008.24,1542298495699
1008.23,1542298495752
1008.22,1542298495799
1008.25,1542298495852
1008.26,1542298495900
1008.27,1542298495953
1008.28,1542298496006
1008.25,1542298496087
1008.24,1542298496107
1008.23,1542298496175
1008.23,1542298496231
1008.24,1542298496260
1008.24,1542298496327
1008.24,1542298496374
1008.24,1542298496429
1008.22,1542298496464
1008.23,1542298496507
1008.23,1542298496605
1008.26,1542298496641
1008.27,1542298496661
1008.27,1542298496709
1008.27,1542298496759
1008.27,1542298496806
1008.26,1542298496857
1008.27,1542298496926
1008.23,1542298496959
1008.25,1542298497011
1008.23,1542298497065
1008.24,1542298497109
1008.23,1542298497190
1008.21,1542298497242
1008.22,1542298497279
1008.22,1542298497321
1008.22,1542298497361
1008.21,1542298497414
1008.24,1542298497460
1008.23,1542298497512
1008.24,1542298497562
1008.23,1542298497618
1008.25,1542298497663
1008.26,1542298497713
1008.26,1542298497762
1008.26,1542298497816
1008.26,1542298497867
1008.3,1542298497915
1008.29,1542298497971
1008.31,1542298498016
1008.35,1542298498075
1008.36,1542298498155
1008.34,1542298498177
1008.31,1542298498216
1008.26,1542298498268
1008.19,1542298498318
1008.16,1542298498368
1008.16,1542298498433
1008.17,1542298498489
1008.16,1542298498522
1008.16,1542298498569
1008.18,1542298498621
1008.19,1542298498674
1008.19,1542298498733
1008.2,1542298498793
1008.2,1542298498826
1008.21,1542298498914
1008.22,1542298498927
1008.23,1542298498983
1008.21,1542298499028
1008.23,1542298499098
1008.25,1542298499135
1008.25,1542298499180
1008.25,1542298499241
1008.26,1542298499284
1008.26,1542298499334
1008.25,1542298499393
1008.23,1542298499433
1008.24,1542298499482
1008.27,1542298499528
1008.27,1542298499578
1008.3,1542298499631
1008.31,1542298499684
1008.33,1542298499736
1008.34,1542298499799
1008.34,1542298499833
1008.34,1542298499968
1008.34,1542298499969
1008.34,1542298500049
1008.26,1542298500091
1008.25,1542298500173
1008.25,1542298500207
1008.24,1542298500271
1008.22,1542298500277
1008.26,1542298500314
1008.24,1542298500340
1008.26,1542298500404
1008.27,1542298500449
1008.27,1542298500518
1008.26,1542298500540
1008.25,1542298500591
1008.25,1542298500643
1008.28,1542298500696
1008.23,1542298500744
1008.23,1542298500799
1008.23,1542298500844
1008.23,1542298500901
1008.19,1542298500945
1008.19,1542298501016
1008.18,1542298501049
1008.22,1542298501097
1008.26,1542298501161
1008.26,1542298501197
1008.25,1542298501246
1008.28,1542298501295
1008.27,1542298501371
1008.28,1542298501403
1008.26,1542298501450
1008.25,1542298501502
1008.26,1542298501552
1008.26,1542298501602
1008.26,1542298501653
1008.27,1542298501708
1008.27,1542298501753
1008.27,1542298501808
1008.27,1542298501860
1008.28,1542298501912
1008.26,1542298501969
1008.19,1542298502008
1008.18,1542298502058
1008.17,1542298502118
1008.23,1542298502169
1008.25,1542298502209
1008.26,1542298502264
1008.26,1542298502311
1008.23,1542298502363
1008.23,1542298502410
1008.2,1542298502473
1008.2,1542298502535
1008.21,1542298502568
1008.21,1542298502618
1008.19,1542298502679
1008.21,1542298502716
1008.22,1542298502783
1008.23,1542298502907
1008.24,1542298502908
1008.26,1542298502955
1008.28,1542298502982
1008.3,1542298503026
1008.3,1542298503076
1008.29,1542298503115
1008.28,1542298503175
1008.27,1542298503219
1008.28,1542298503272
1008.27,1542298503328
1008.26,1542298503369
1008.26,1542298503422
1008.25,1542298503471
1008.24,1542298503538
1008.26,1542298503577
1008.28,1542298503629
1008.29,1542298503674
1008.27,1542298503725
1008.26,1542298503775
1008.25,1542298503826
1008.25,1542298503874
1008.26,1542298503929
1008.22,1542298503977
1008.2,1542298504024
1008.17,1542298504079
1008.16,1542298504124
1008.13,1542298504221
1008.12,1542298504244
1008.12,1542298504278
1008.14,1542298504328
1008.17,1542298504378
1008.19,1542298504441
1008.19,1542298504482
1008.18,1542298504536
1008.19,1542298504583
1008.21,1542298504635
1008.22,1542298504687
1008.23,1542298504736
1008.25,1542298504786
1008.33,1542298504839
1008.31,1542298504894
1008.28,1542298504944
1008.27,1542298504993
1008.24,1542298505040
1008.24,1542298505088
1008.26,1542298505136
1008.26,1542298505187
1008.29,1542298505236
1008.31,1542298505288
1008.32,1542298505346
1008.32,1542298505388
1008.28,1542298505439
1008.23,1542298505489
1008.22,1542298505552
1008.23,1542298505595
1008.22,1542298505646
1008.23,1542298505696
1008.25,1542298505747
1008.26,1542298505799
1008.24,1542298505844
1008.22,1542298505895
1008.2,1542298505957
1008.21,1542298505997
1008.22,1542298506049
1008.22,1542298506168
1008.24,1542298506172
1008.24,1542298506200
1008.24,1542298506304
1008.18,1542298506343
1008.17,1542298506353
1008.17,1542298506402
1008.15,1542298506453
1008.14,1542298506502
1008.13,1542298506562
1008.13,1542298506601
1008.15,1542298506653
1008.18,1542298506700
1008.22,1542298506844
1008.22,1542298506844
1008.27,1542298506863
1008.29,1542298506904
1008.31,1542298506951
1008.36,1542298507036
1008.38,1542298507071
1008.37,1542298507117
1008.38,1542298507178
1008.35,1542298507279
1008.28,1542298507281
1008.24,1542298507305
1008.16,1542298507386
1008.12,1542298507424
1008.11,1542298507459
1008.12,1542298507510
1008.12,1542298507559
1008.13,1542298507612
1008.17,1542298507700
1008.28,1542298507723
1008.27,1542298507763
1008.23,1542298507810
1008.19,1542298507866
1008.16,1542298507911
1008.16,1542298507963
1008.17,1542298508014
1008.18,1542298508086
1008.2,1542298508116
1008.22,1542298508166
1008.24,1542298508311
1008.21,1542298508311
1008.21,1542298508325
1008.21,1542298508365
1008.22,1542298508415
1008.27,1542298508466
1008.28,1542298508519
1008.29,1542298508569
1008.3,1542298508628
1008.3,1542298508674
1008.31,1542298508720
1008.29,1542298508773
1008.25,1542298508822
1008.23,1542298508874
1008.21,1542298508930
1008.19,1542298509003
1008.22,1542298509044
1008.22,1542298509076
1008.21,1542298509128
1008.21,1542298509183
1008.22,1542298509228
1008.23,1542298509276
1008.15,1542298509328
1008.12,1542298509375
1008.11,1542298509425
1008.11,1542298509485
1008.18,1542298509527
1008.2,1542298509578
1008.2,1542298509628
1008.23,1542298509683
1008.27,1542298509737
1008.28,1542298509781
1008.3,1542298509928
1008.34,1542298509928
1008.33,1542298509944
1008.36,1542298509986
1008.38,1542298510039
1008.36,1542298510083
1008.33,1542298510137
1008.3,1542298510186
1008.26,1542298510239
1008.24,1542298510286
1008.23,1542298510344
1008.2,1542298510388
1008.18,1542298510453
1008.15,1542298510502
1008.14,1542298510540
1008.09,1542298510591
1008.1,1542298510673
1008.14,1542298510694
1008.2,1542298510743
1008.22,1542298510806
1008.27,1542298510851
1008.32,1542298510962
1008.37,1542298510963
1008.39,1542298511016
1008.38,1542298511047
1008.34,1542298511109
1008.23,1542298511158
1008.23,1542298511213
1008.22,1542298511245
1008.22,1542298511304
1008.21,1542298511349
1008.24,1542298511402
1008.22,1542298511452
1008.25,1542298511501
1008.24,1542298511550
1008.24,1542298511603
1008.23,1542298511652
1008.27,1542298511704
1008.32,1542298511769
1008.28,1542298511807
1008.28,1542298511887
1008.29,1542298511907
1008.3,1542298511961
1008.24,1542298512015
1008.22,1542298512064
1008.2,1542298512117
1008.18,1542298512162
1008.17,1542298512215
1008.18,1542298512261
1008.21,1542298512325
1008.28,1542298512371
1008.32,1542298512413
1008.3,1542298512476
1008.22,1542298512532
1008.18,1542298512564
1008.18,1542298512633
1008.17,1542298512672
1008.2,1542298512724
1008.21,1542298512779
1008.2,1542298512955
1008.21,1542298512955
1008.21,1542298512955
1008.21,1542298513040
1008.2,1542298513041
1008.16,1542298513077
1008.16,1542298513124
1008.17,1542298513175
1008.18,1542298513233
1008.19,1542298513297
1008.21,1542298513322
1008.22,1542298513386
1008.23,1542298513431
1008.24,1542298513523
1008.24,1542298513529
1008.26,1542298513592
1008.27,1542298513626
1008.28,1542298513678
1008.29,1542298513739
1008.31,1542298513781
1008.3,1542298513831
1008.3,1542298513908
1008.33,1542298513933
1008.33,1542298514010
1008.3,1542298514036
1008.27,1542298514112
1008.17,1542298514136
1008.16,1542298514181
1008.16,1542298514280
1008.16,1542298514299
1008.16,1542298514334
1008.14,1542298514409
1008.16,1542298514464
1008.17,1542298514491
1008.19,1542298514539
1008.2,1542298514590
1008.22,1542298514686
1008.23,1542298514694
1008.23,1542298514751
1008.25,1542298514801
1008.3,1542298514847
1008.32,1542298514896
1008.32,1542298514947
1008.31,1542298514998
1008.29,1542298515055
1008.27,1542298515105
1008.24,1542298515145
1008.2,1542298515200
1008.17,1542298515262
1008.18,1542298515304
1008.17,1542298515352
1008.19,1542298515393
1008.2,1542298515442
1008.21,1542298515512
1008.19,1542298515547
1008.21,1542298515627
1008.23,1542298515647
1008.23,1542298515697
1008.25,1542298515748
1008.23,1542298515801
1008.22,1542298515852
1008.24,1542298515900
1008.26,1542298515950
1008.25,1542298516001
1008.23,1542298516051
1008.26,1542298516098
1008.28,1542298516150
1008.27,1542298516200
1008.27,1542298516278
1008.24,1542298516301
1008.21,1542298516352
1008.19,1542298516402
1008.18,1542298516452
1008.2,1542298516505
1008.2,1542298516555
1008.24,1542298516605
1008.23,1542298516656
1008.23,1542298516706
1008.23,1542298516757
1008.22,1542298516806
1008.24,1542298516856
1008.24,1542298516904
1008.25,1542298516971
1008.23,1542298517010
1008.25,1542298517062
1008.24,1542298517108
1008.24,1542298517158
1008.22,1542298517208
1008.22,1542298517261
1008.21,1542298517306
1008.22,1542298517358
1008.22,1542298517409
1008.21,1542298517458
1008.22,1542298517508
1008.24,1542298517560
1008.25,1542298517618
1008.26,1542298517663
1008.22,1542298517740
1008.2,1542298517763
1008.18,1542298517817
1008.17,1542298517884
1008.18,1542298517919
1008.17,1542298517971
1008.19,1542298518019
1008.24,1542298518069
1008.26,1542298518119
1008.28,1542298518168
1008.26,1542298518221
1008.32,1542298518271
1008.32,1542298518321
1008.3,1542298518383
1008.27,1542298518426
1008.26,1542298518476
1008.26,1542298518526
1008.26,1542298518576
1008.24,1542298518630
1008.26,1542298518676
1008.24,1542298518727
1008.27,1542298518782
1008.24,1542298518838
1008.27,1542298518881
1008.29,1542298518932
1008.34,1542298518982
1008.37,1542298519032
1008.4,1542298519090
1008.4,1542298519132
1008.36,1542298519181
1008.34,1542298519236
1008.32,1542298519292
1008.28,1542298519336
1008.26,1542298519385
1008.23,1542298519436
1008.21,1542298519488
1008.23,1542298519536
1008.22,1542298519602
1008.25,1542298519649
1008.27,1542298519694
1008.28,1542298519743
1008.31,1542298519793
1008.31,1542298519842
1008.25,1542298519897
1008.22,1542298519948
1008.19,1542298520012
1008.18,1542298520048
1008.17,1542298520109
1008.17,1542298520148
1008.18,1542298520201
1008.19,1542298520257
1008.21,1542298520303
1008.26,1542298520353
1008.24,1542298520440
1008.29,1542298520454
1008.31,1542298520511
1008.32,1542298520556
1008.29,1542298520608
1008.26,1542298520661
1008.24,1542298520711
1008.2,1542298520827
1008.19,1542298520827
1008.15,1542298520874
1008.17,1542298520916
1008.16,1542298520967
1008.16,1542298521019
1008.13,1542298521080
1008.14,1542298521136
1008.13,1542298521187
1008.13,1542298521217
1008.13,1542298521266
1008.15,1542298521322
1008.18,1542298521370
1008.2,1542298521423
1008.2,1542298521478
1008.18,1542298521550
1008.21,1542298521585
1008.23,1542298521637
1008.25,1542298521722
1008.24,1542298521735
1008.22,1542298521783
1008.23,1542298521834
1008.23,1542298521896
1008.27,1542298521963
1008.27,1542298521985
1008.25,1542298522035
1008.22,1542298522088
1008.24,1542298522151
1008.24,1542298522235
1008.25,1542298522235
1008.25,1542298522285
1008.22,1542298522338
1008.23,1542298522394
1008.26,1542298522434
1008.28,1542298522493
1008.29,1542298522537
1008.29,1542298522588
1008.28,1542298522646
1008.28,1542298522710
1008.29,1542298522747
1008.29,1542298522794
1008.36,1542298522842
1008.37,1542298522905
1008.36,1542298522948
1008.36,1542298523012
1008.35,1542298523066
1008.34,1542298523096
1008.37,1542298523144
1008.34,1542298523195
1008.32,1542298523250
1008.32,1542298523307
1008.31,1542298523343
1008.23,1542298523413
1008.18,1542298523453
1008.11,1542298523494
1008.14,1542298523547
1008.15,1542298523599
1008.16,1542298523657
1008.16,1542298523755
1008.12,1542298523760
1008.13,1542298523801
1008.14,1542298523854
1008.21,1542298523942
1008.23,1542298523949
1008.24,1542298524012
1008.27,1542298524048
1008.27,1542298524106
1008.28,1542298524148
1008.23,1542298524197
1008.22,1542298524260
1008.21,1542298524349
1008.2,1542298524389
1008.22,1542298524403
1008.26,1542298524452
1008.26,1542298524513
1008.25,1542298524554
1008.27,1542298524628
1008.27,1542298524654
1008.27,1542298524703
1008.3,1542298524761
1008.3,1542298524805
1008.3,1542298524860
1008.3,1542298524906
1008.28,1542298524967
1008.25,1542298525007
1008.25,1542298525069
1008.25,1542298525105
1008.24,1542298525191
1008.22,1542298525204
1008.21,1542298525253
1008.21,1542298525304
1008.16,1542298525358
1008.14,1542298525409
1008.12,1542298525457
1008.1,1542298525514
1008.12,1542298525573
1008.17,1542298525609
1008.2,1542298525666
1008.3,1542298525708
1008.33,1542298525762
1008.3,1542298525812
1008.28,1542298525867
1008.24,1542298525918
1008.25,1542298525971
1008.21,1542298526035
1008.17,1542298526066
1008.14,1542298526123
1008.16,1542298526169
1008.18,1542298526216
1008.2,1542298526283
1008.2,1542298526324
1008.18,1542298526370
1008.18,1542298526423
1008.18,1542298526474
1008.18,1542298526531
1008.17,1542298526574
1008.17,1542298526625
1008.19,1542298526737
1008.18,1542298526738
1008.19,1542298526778
1008.22,1542298526835
1008.22,1542298526878
1008.23,1542298526930
1008.22,1542298526982
1008.22,1542298527033
1008.22,1542298527079
1008.19,1542298527267
1008.21,1542298527267
1008.23,1542298527267
1008.21,1542298527292
1008.26,1542298527357
1008.23,1542298527387
1008.26,1542298527435
1008.32,1542298527495
1008.32,1542298527532
1008.29,1542298527582
1008.28,1542298527643
1008.25,1542298527695
1008.25,1542298527742
1008.25,1542298527793
1008.2,1542298527838
1008.21,1542298527892
1008.21,1542298527945
1008.19,1542298528001
1008.18,1542298528052
1008.18,1542298528092
1008.17,1542298528146
1008.2,1542298528191
1008.17,1542298528246
1008.16,1542298528310
1008.17,1542298528351
1008.18,1542298528414
1008.18,1542298528445
1008.22,1542298528505
1008.24,1542298528557
1008.25,1542298528599
1008.24,1542298528655
1008.27,1542298528709
1008.29,1542298528756
1008.28,1542298528835
1008.27,1542298528857
1008.25,1542298528904
1008.24,1542298528956
1008.21,1542298529032
1008.22,1542298529055
1008.23,1542298529108
1008.23,1542298529158
1008.26,1542298529206
1008.27,1542298529255
1008.29,1542298529335
1008.29,1542298529355
1008.23,1542298529418
1008.18,1542298529458
1008.14,1542298529507
1008.12,1542298529557
1008.13,1542298529608
1008.16,1542298529663
1008.18,1542298529710
1008.19,1542298529767
1008.27,1542298529826
1008.26,1542298529860
1008.27,1542298529916
1008.28,1542298529969
1008.28,1542298530014
1008.27,1542298530065
1008.26,1542298530109
1008.25,1542298530164
1008.24,1542298530211
1008.24,1542298530263
1008.25,1542298530368
1008.23,1542298530368
1008.2,1542298530419
1008.17,1542298530479
1008.18,1542298530522
1008.22,1542298530569
1008.25,1542298530618
1008.28,1542298530667
1008.39,1542298530716
1008.4,1542298530769
1008.36,1542298530823
1008.32,1542298530876
1008.3,1542298530925
1008.3,1542298530977
1008.28,1542298531027
1008.23,1542298531077
1008.19,1542298531126
1008.22,1542298531195
1008.23,1542298531233
1008.21,1542298531282
1008.23,1542298531345
1008.19,1542298531385
1008.19,1542298531447
1008.2,1542298531484
1008.19,1542298531538
1008.23,1542298531646
1008.21,1542298531646
1008.23,1542298531690
1008.21,1542298531739
1008.21,1542298531784
1008.22,1542298531843
1008.26,1542298531887
1008.26,1542298531950
1008.26,1542298531990
1008.29,1542298532042
1008.26,1542298532089
1008.26,1542298532169
1008.27,1542298532188
1008.28,1542298532239
1008.25,1542298532290
1008.25,1542298532343
1008.24,1542298532393
1008.24,1542298532461
1008.24,1542298532492
1008.23,1542298532547
1008.21,1542298532596
1008.21,1542298532644
1008.22,1542298532697
1008.24,1542298532742
1008.23,1542298532798
1008.25,1542298532851
1008.26,1542298532893
1008.29,1542298532950
1008.32,1542298532996
1008.3,1542298533045
1008.3,1542298533094
1008.28,1542298533146
1008.25,1542298533199
1008.24,1542298533245
1008.21,1542298533309
1008.23,1542298533359
1008.22,1542298533394
1008.21,1542298533446
1008.22,1542298533495
1008.23,1542298533545
1008.26,1542298533597
1008.27,1542298533651
1008.29,1542298533796
1008.3,1542298533813
1008.26,1542298533822
1008.23,1542298533865
1008.26,1542298533901
1008.23,1542298533954
1008.24,1542298534008
1008.23,1542298534059
1008.23,1542298534106
1008.23,1542298534155
1008.22,1542298534206
1008.22,1542298534254
1008.24,1542298534308
1008.26,1542298534364
1008.28,1542298534408
1008.32,1542298534457
1008.31,1542298534565
1008.33,1542298534576
1008.33,1542298534608
1008.33,1542298534656
1008.28,1542298534710
1008.27,1542298534758
1008.26,1542298534814
1008.28,1542298534861
1008.3,1542298534913
1008.28,1542298534971
1008.3,1542298535095
1008.29,1542298535095
1008.31,1542298535126
1008.36,1542298535169
1008.32,1542298535219
1008.29,1542298535278
1008.3,1542298535318
1008.28,1542298535368
1008.31,1542298535418
1008.3,1542298535472
1008.25,1542298535521
1008.25,1542298535569
1008.23,1542298535626
1008.26,1542298535672
1008.19,1542298535738
1008.21,1542298535769
1008.2,1542298535824
1008.22,1542298535871
1008.23,1542298535953
1008.22,1542298535972
1008.22,1542298536025
1008.31,1542298536073
1008.31,1542298536123
1008.31,1542298536179
1008.3,1542298536257
1008.29,1542298536281
1008.26,1542298536323
1008.25,1542298536399
1008.22,1542298536423
1008.2,1542298536476
1008.2,1542298536526
1008.18,1542298536591
1008.15,1542298536626
1008.13,1542298536677
1008.14,1542298536735
1008.12,1542298536788
1008.11,1542298536830
1008.11,1542298536888
1008.11,1542298536928
1008.09,1542298536979
1008.11,1542298537033
1008.13,1542298537083
1008.12,1542298537157
1008.13,1542298537180
1008.14,1542298537365
1008.15,1542298537365
1008.15,1542298537365
1008.17,1542298537405
1008.18,1542298537467
1008.16,1542298537505
1008.18,1542298537535
1008.18,1542298537599
1008.19,1542298537642
1008.18,1542298537687
1008.16,1542298537736
1008.18,1542298537806
1008.19,1542298537863
1008.19,1542298537894
1008.21,1542298537943
1008.22,1542298537998
1008.18,1542298538045
1008.15,1542298538112
1008.16,1542298538137
1008.17,1542298538204
1008.19,1542298538243
1008.2,1542298538315
1008.18,1542298538336
1008.21,1542298538388
1008.2,1542298538442
1008.21,1542298538495
1008.21,1542298538542
1008.2,1542298538593
1008.22,1542298538661
1008.21,1542298538714
1008.24,1542298538754
1008.25,1542298538807
1008.25,1542298538849
1008.26,1542298539017
1008.26,1542298539018
1008.27,1542298539018
1008.27,1542298539051
1008.28,1542298539097
1008.28,1542298539244
1008.25,1542298539267
1008.23,1542298539330
1008.2,1542298539330
1008.21,1542298539351
1008.23,1542298539402
1008.22,1542298539459
1008.21,1542298539509
1008.21,1542298539550
1008.18,1542298539601
1008.18,1542298539654
1008.2,1542298539709
1008.21,1542298539754
1008.2,1542298539812
1008.21,1542298539854
1008.21,1542298539922
1008.22,1542298539957
1008.22,1542298540008
1008.23,1542298540064
1008.24,1542298540112
1008.23,1542298540166
1008.28,1542298540211
1008.3,1542298540274
1008.31,1542298540307
1008.31,1542298540362
1008.29,1542298540420
1008.28,1542298540464
1008.27,1542298540512
1008.22,1542298540565
1008.21,1542298540628
1008.2,1542298540670
1008.18,1542298540716
1008.21,1542298540769
1008.21,1542298540817
1008.17,1542298540870
1008.19,1542298541113
1008.17,1542298541113
1008.19,1542298541114
1008.18,1542298541114
1008.18,1542298541157
1008.18,1542298541183
1008.17,1542298541225
1008.16,1542298541273
1008.17,1542298541341
1008.17,1542298541373
1008.17,1542298541423
1008.18,1542298541474
1008.19,1542298541526
1008.19,1542298541582
1008.19,1542298541627
1008.19,1542298541687
1008.18,1542298541757
1008.19,1542298541782
1008.2,1542298541844
1008.22,1542298541885
1008.2,1542298541937
1008.21,1542298542010
1008.19,1542298542040
1008.21,1542298542084
1008.22,1542298542134
1008.2,1542298542202
1008.21,1542298542222
1008.2,1542298542276
1008.21,1542298542369
1008.19,1542298542374
1008.2,1542298542431
1008.2,1542298542479
1008.21,1542298542529
1008.22,1542298542579
1008.22,1542298542652
1008.21,1542298542677
1008.23,1542298542730
1008.23,1542298542781
1008.21,1542298542826
1008.19,1542298542882
1008.2,1542298542940
1008.18,1542298542984
1008.21,1542298543037
1008.2,1542298543085
1008.2,1542298543136
1008.2,1542298543183
1008.19,1542298543239
1008.18,1542298543293
1008.18,1542298543336
1008.21,1542298543388
1008.22,1542298543442
1008.22,1542298543492
1008.21,1542298543545
1008.2,1542298543598
1008.2,1542298543682
1008.22,1542298543693
1008.22,1542298543740
1008.2,1542298543792
1008.2,1542298543844
1008.19,1542298543895
1008.22,1542298543945
1008.21,1542298544001
1008.2,1542298544048
1008.2,1542298544168
1008.2,1542298544168
1008.21,1542298544212
1008.2,1542298544250
1008.2,1542298544301
1008.17,1542298544349
1008.2,1542298544404
1008.18,1542298544453
1008.18,1542298544502
1008.18,1542298544585
1008.19,1542298544608
1008.19,1542298544654
1008.19,1542298544738
1008.19,1542298544773
1008.21,1542298544809
1008.21,1542298544865
1008.18,1542298544915
1008.18,1542298544959
1008.19,1542298545013
1008.19,1542298545064
1008.2,1542298545116
1008.19,1542298545168
1008.2,1542298545225
1008.19,1542298545263
1008.18,1542298545337
1008.17,1542298545363
1008.19,1542298545413
1008.19,1542298545487
1008.19,1542298545529
1008.21,1542298545572
1008.2,1542298545618
1008.2,1542298545666
1008.19,1542298545721
1008.22,1542298545767
1008.21,1542298545827
1008.2,1542298545870
1008.2,1542298545921
1008.18,1542298545971
1008.19,1542298546019
1008.2,1542298546074
1008.21,1542298546121
1008.18,1542298546176
1008.19,1542298546224
1008.18,1542298546274
1008.19,1542298546321
1008.2,1542298546373
1008.19,1542298546423
1008.2,1542298546476
1008.19,1542298546531
1008.19,1542298546576
1008.18,1542298546627
1008.18,1542298546675
1008.19,1542298546733
1008.21,1542298546786
1008.24,1542298546829
1008.22,1542298546881
1008.23,1542298546934
1008.23,1542298546977
1008.21,1542298547029
1008.2,1542298547079
1008.22,1542298547138
1008.2,1542298547176
1008.2,1542298547255
1008.21,1542298547279
1008.21,1542298547326
1008.22,1542298547379
1008.22,1542298547429
1008.2,1542298547480
1008.2,1542298547529
1008.19,1542298547600
1008.18,1542298547743
1008.22,1542298547743
1008.23,1542298547743
1008.22,1542298547787
1008.21,1542298547848
1008.22,1542298547894
1008.22,1542298547943
1008.24,1542298547993
1008.24,1542298548048
1008.22,1542298548124
1008.23,1542298548165
1008.2,1542298548198
1008.19,1542298548238
1008.17,1542298548295
1008.18,1542298548336
1008.17,1542298548390
1008.17,1542298548440
1008.17,1542298548487
1008.17,1542298548543
1008.17,1542298548595
1008.18,1542298548640
1008.17,1542298548693
1008.17,1542298548746
1008.15,1542298548798
1008.17,1542298548844
1008.17,1542298548899
1008.17,1542298548947
1008.17,1542298549003
1008.18,1542298549047
1008.17,1542298549108
1008.19,1542298549146
1008.19,1542298549198
1008.18,1542298549315
1008.18,1542298549315
1008.19,1542298549348
1008.19,1542298549415
1008.22,1542298549462
1008.22,1542298549511
1008.2,1542298549555
1008.23,1542298549607
1008.22,1542298549657
1008.23,1542298549709
1008.22,1542298549774
1008.23,1542298549814
1008.23,1542298549871
1008.24,1542298549914
1008.25,1542298549976
1008.24,1542298550016
1008.22,1542298550065
1008.21,1542298550113
1008.2,1542298550175
1008.2,1542298550213
1008.2,1542298550267
1008.2,1542298550315
1008.22,1542298550364
1008.2,1542298550412
1008.2,1542298550466
1008.2,1542298550518
1008.22,1542298550684
1008.18,1542298550684
1008.19,1542298550684
1008.19,1542298550717
1008.2,1542298550774
1008.23,1542298550815
1008.22,1542298550868
1008.23,1542298550921
1008.21,1542298550971
1008.21,1542298551022
1008.21,1542298551068
1008.2,1542298551216
1008.18,1542298551216
1008.17,1542298551227
1008.18,1542298551274
1008.2,1542298551321
1008.2,1542298551393
1008.21,1542298551425
1008.19,1542298551477
1008.21,1542298551522
1008.2,1542298551595
1008.21,1542298551626
1008.2,1542298551675
1008.21,1542298551730
1008.19,1542298551778
1008.18,1542298551835
1008.19,1542298551877
1008.2,1542298551930
1008.2,1542298551977
1008.21,1542298552037
1008.2,1542298552079
1008.21,1542298552183
1008.2,1542298552212
1008.21,1542298552231
1008.21,1542298552289
1008.21,1542298552344
1008.19,1542298552387
1008.19,1542298552463
1008.2,1542298552486
1008.2,1542298552545
1008.2,1542298552603
1008.2,1542298552641
1008.2,1542298552692
1008.21,1542298552762
1008.21,1542298552793
1008.22,1542298552841
1008.22,1542298552892
1008.21,1542298552941
1008.19,1542298553002
1008.19,1542298553043
1008.18,1542298553090
1008.16,1542298553142
1008.18,1542298553189
1008.18,1542298553251
1008.17,1542298553295
1008.19,1542298553349
1008.2,1542298553396
1008.2,1542298553445
1008.21,1542298553498
1008.2,1542298553573
1008.18,1542298553595
1008.19,1542298553652
1008.2,1542298553702
1008.21,1542298553842
1008.2,1542298553842
1008.21,1542298553857
1008.21,1542298553901
1008.23,1542298553955
1008.22,1542298554009
1008.21,1542298554055
1008.2,1542298554143
1008.19,1542298554169
1008.19,1542298554207
1008.18,1542298554259
1008.17,1542298554306
1008.18,1542298554357
1008.19,1542298554409
1008.18,1542298554464
1008.17,1542298554516
1008.19,1542298554562
1008.17,1542298554627
1008.18,1542298554668
1008.18,1542298554712
1008.19,1542298554764
1008.17,1542298554817
1008.18,1542298554869
1008.17,1542298554929
1008.19,1542298554968
1008.19,1542298555033
1008.21,1542298555064
1008.19,1542298555133
1008.2,1542298555183
1008.19,1542298555258
1008.19,1542298555275
1008.2,1542298555316
1008.2,1542298555362
1008.2,1542298555417
1008.2,1542298555463
1008.22,1542298555517
1008.2,1542298555564
1008.19,1542298555619
1008.21,1542298555701
1008.19,1542298555723
1008.19,1542298555769
1008.18,1542298555818
1008.2,1542298555867
1008.21,1542298555918
1008.21,1542298555973
1008.21,1542298556030
1008.19,1542298556068
1008.2,1542298556118
1008.21,1542298556169
1008.22,1542298556224
1008.22,1542298556270
1008.21,1542298556323
1008.2,1542298556370
1008.22,1542298556422
1008.25,1542298556471
1008.24,1542298556522
1008.23,1542298556570
1008.23,1542298556627
1008.23,1542298556670
1008.21,1542298556724
1008.2,1542298556771
1008.22,1542298556821
1008.21,1542298556884
1008.23,1542298556922
1008.24,1542298556974
1008.24,1542298557023
1008.23,1542298557072
1008.24,1542298557120
1008.22,1542298557171
1008.24,1542298557221
1008.24,1542298557304
1008.24,1542298557324
1008.24,1542298557395
1008.22,1542298557424
1008.22,1542298557477
1008.22,1542298557528
1008.2,1542298557576
1008.19,1542298557627
1008.19,1542298557675
1008.21,1542298557727
1008.2,1542298557809
1008.21,1542298557831
1008.19,1542298557916
1008.2,1542298557933
1008.19,1542298557986
1008.21,1542298558032
1008.2,1542298558091
1008.19,1542298558136
1008.19,1542298558184
1008.19,1542298558243
1008.22,1542298558323
1008.23,1542298558346
1008.22,1542298558385
1008.21,1542298558435
1008.22,1542298558485
1008.22,1542298558545
1008.21,1542298558585
1008.2,1542298558638
1008.2,1542298558685
1008.2,1542298558735
1008.2,1542298558787
1008.22,1542298558837
1008.21,1542298558888
1008.21,1542298558937
1008.22,1542298558987
1008.22,1542298559039
1008.21,1542298559087
1008.21,1542298559158
1008.21,1542298559187
1008.21,1542298559249
1008.22,1542298559285
1008.23,1542298559338
1008.22,1542298559388
1008.21,1542298559524
1008.22,1542298559524
1008.21,1542298559536
1008.22,1542298559603
1008.2,1542298559662
1008.21,1542298559695
1008.22,1542298559746
1008.22,1542298559842
1008.19,1542298559849
1008.22,1542298559893
1008.22,1542298559947
1008.2,1542298559994
1008.22,1542298560044
1008.21,1542298560132
1008.2,1542298560143
1008.21,1542298560194
1008.21,1542298560254
1008.21,1542298560291
1008.23,1542298560343
1008.24,1542298560398
1008.22,1542298560443
1008.21,1542298560497
1008.23,1542298560547
1008.23,1542298560601
1008.25,1542298560646
1008.25,1542298560695
1008.22,1542298560757
1008.21,1542298560822
1008.2,1542298560851
1008.2,1542298560913
1008.21,1542298560950
1008.23,1542298560999
1008.22,1542298561050
1008.21,1542298561102
1008.21,1542298561162
1008.2,1542298561198
1008.21,1542298561252
1008.22,1542298561754
1008.22,1542298561755
1008.22,1542298561755
1008.22,1542298561755
1008.22,1542298561755
1008.22,1542298561755
1008.22,1542298561766
1008.21,1542298561766
1008.2,1542298561766
1008.2,1542298561766
1008.21,1542298561824
1008.19,1542298561852
1008.18,1542298561902
1008.19,1542298562026
1008.18,1542298562026
1008.16,1542298562054
1008.17,1542298562133
1008.16,1542298562207
1008.16,1542298562225
1008.19,1542298562256
1008.22,1542298562307
1008.2,1542298562370
1008.19,1542298562404
1008.2,1542298562461
1008.22,1542298562505
1008.22,1542298562587
1008.18,1542298562623
1008.2,1542298562663
1008.19,1542298562722
1008.2,1542298562775
1008.2,1542298562813
1008.22,1542298562877
1008.23,1542298562913
1008.23,1542298562959
1008.2,1542298563012
1008.2,1542298563059
1008.21,1542298563114
1008.23,1542298563161
1008.23,1542298563213
1008.22,1542298563264
1008.21,1542298563310
1008.21,1542298563393
1008.22,1542298563408
1008.23,1542298563467
1008.21,1542298563511
1008.21,1542298563566
1008.19,1542298563613
1008.2,1542298563668
1008.2,1542298563721
1008.2,1542298563799
1008.21,1542298563812
1008.19,1542298563860
1008.22,1542298563911
1008.21,1542298563959
1008.21,1542298564030
1008.22,1542298564060
1008.2,1542298564118
1008.19,1542298564161
1008.22,1542298564407
1008.21,1542298564408
1008.21,1542298564408
1008.2,1542298564408
1008.19,1542298564418
1008.21,1542298564462
1008.2,1542298564518
1008.2,1542298564588
1008.21,1542298564616
1008.2,1542298564672
1008.2,1542298564713
1008.21,1542298564765
1008.21,1542298564811
1008.21,1542298564862
1008.21,1542298564917
1008.21,1542298564965
1008.21,1542298565016
1008.22,1542298565073
1008.22,1542298565117
1008.21,1542298565171
1008.21,1542298565214
1008.21,1542298565301
1008.21,1542298565318
1008.22,1542298565370
1008.22,1542298565416
1008.22,1542298565473
1008.21,1542298565519
1008.2,1542298565567
1008.22,1542298565618
1008.22,1542298565672
1008.21,1542298565792
1008.22,1542298565793
1008.22,1542298565824
1008.22,1542298565869
1008.22,1542298565925
1008.23,1542298565974
1008.22,1542298566025
1008.2,1542298566088
1008.21,1542298566121
1008.21,1542298566177
1008.22,1542298566304
1008.23,1542298566304
1008.23,1542298566348
1008.22,1542298566381
1008.22,1542298566426
1008.23,1542298566475
1008.23,1542298566539
1008.23,1542298566579
1008.21,1542298566631
1008.19,1542298566683
1008.21,1542298566733
1008.21,1542298566796
1008.2,1542298566831
1008.2,1542298566889
1008.21,1542298566936
1008.21,1542298566998
1008.21,1542298567034
1008.2,1542298567079
1008.2,1542298567128
1008.18,1542298567183
1008.18,1542298567254
1008.2,1542298567277
1008.2,1542298567328
1008.2,1542298567381
1008.21,1542298567428
1008.2,1542298567482
1008.2,1542298567550
1008.21,1542298567591
1008.21,1542298567630
1008.2,1542298567681
1008.19,1542298567732
1008.18,1542298567783
1008.17,1542298567831
1008.18,1542298567883
1008.19,1542298567934
1008.21,1542298568003
1008.2,1542298568031
1008.18,1542298568081
1008.18,1542298568141
1008.21,1542298568184
1008.2,1542298568239
1008.19,1542298568313
1008.21,1542298568450
1008.22,1542298568451
1008.19,1542298568451
1008.17,1542298568479
1008.2,1542298568575
1008.2,1542298568587
1008.19,1542298568634
1008.21,1542298568679
1008.22,1542298568736
1008.2,1542298568782
1008.19,1542298568830
1008.21,1542298568879
1008.2,1542298568959
1008.2,1542298568989
1008.19,1542298569051
1008.2,1542298569088
1008.21,1542298569156
1008.23,1542298569195
1008.23,1542298569238
1008.21,1542298569492
1008.19,1542298569521
1008.21,1542298569521
1008.22,1542298569521
1008.21,1542298569522
1008.2,1542298569542
1008.2,1542298570048
1008.21,1542298570048
1008.19,1542298570049
1008.22,1542298570049
1008.21,1542298570049
1008.2,1542298570049
1008.2,1542298570049
1008.18,1542298570049
1008.19,1542298570050
1008.2,1542298570084
1008.21,1542298570091
1008.18,1542298570148
1008.19,1542298570208
1008.2,1542298570246
1008.22,1542298570288
1008.22,1542298570341
1008.22,1542298570397
1008.18,1542298570448
1008.19,1542298570494
1008.2,1542298570543
1008.21,1542298570595
1008.22,1542298570657
1008.23,1542298570698
1008.22,1542298570751
1008.22,1542298570795
1008.21,1542298570853
1008.23,1542298570903
1008.2,1542298570947
1008.21,1542298571010
1008.22,1542298571057
1008.22,1542298571095
1008.21,1542298571172
1008.22,1542298571196
1008.21,1542298571245
1008.22,1542298571316
1008.22,1542298571345
1008.21,1542298571396
1008.21,1542298571456
1008.23,1542298571496
1008.24,1542298571563
1008.24,1542298571613
1008.21,1542298571691
1008.22,1542298571727
1008.2,1542298571751
1008.21,1542298571804
1008.22,1542298571861
1008.21,1542298571905
1008.19,1542298571966
1008.21,1542298572017
1008.21,1542298572062
1008.23,1542298572104
1008.22,1542298572232
1008.23,1542298572244
1008.21,1542298572264
1008.2,1542298572313
1008.2,1542298572376
1008.2,1542298572404
1008.22,1542298572463
1008.21,1542298572511
1008.2,1542298572561
1008.2,1542298572608
1008.2,1542298572660
1008.2,1542298572714
1008.22,1542298572820
1008.2,1542298572832
1008.21,1542298572865
1008.22,1542298572913
1008.22,1542298572970
1008.22,1542298573013
1008.21,1542298573062
1008.18,1542298573109
1008.22,1542298573161
1008.23,1542298573210
1008.22,1542298573260
1008.19,1542298573325
1008.22,1542298573360
1008.22,1542298573417
1008.22,1542298573461
1008.19,1542298573513
1008.21,1542298573578
1008.23,1542298573616
1008.22,1542298573665
1008.2,1542298573714
1008.2,1542298573764
1008.2,1542298573813
1008.22,1542298573864
1008.22,1542298573915
1008.21,1542298573978
1008.21,1542298574015
1008.22,1542298574073
1008.23,1542298574132
1008.21,1542298574164
1008.22,1542298574215
1008.21,1542298574265
1008.21,1542298574316
1008.21,1542298574372
1008.21,1542298574416
1008.2,1542298574472
1008.19,1542298574524
1008.16,1542298574565
1008.17,1542298574636
1008.17,1542298574668
1008.19,1542298574719
1008.17,1542298574767
1008.2,1542298574817
1008.21,1542298574883
1008.21,1542298574929
1008.2,1542298574974
1008.2,1542298575024
1008.21,1542298575069
1008.23,1542298575155
1008.23,1542298575169
1008.23,1542298575222
1008.24,1542298575274
1008.23,1542298575323
1008.24,1542298575373
1008.22,1542298575424
1008.23,1542298575478
1008.24,1542298575524
1008.26,1542298575582
1008.25,1542298575629
1008.25,1542298575676
1008.25,1542298575725
1008.25,1542298575775
1008.25,1542298575826
1008.25,1542298575883
1008.24,1542298575925
1008.25,1542298575981
1008.25,1542298576064
1008.24,1542298576082
1008.23,1542298576132
1008.24,1542298576177
1008.23,1542298576227
1008.25,1542298576278
1008.25,1542298576333
1008.25,1542298576379
1008.26,1542298576437
1008.26,1542298576480
1008.23,1542298576536
1008.27,1542298576585
1008.26,1542298576633
1008.25,1542298576683
1008.25,1542298576737
1008.26,1542298576782
1008.27,1542298576833
1008.29,1542298576891
1008.28,1542298576933
1008.24,1542298576983
1008.25,1542298577032
1008.26,1542298577083
1008.25,1542298577151
1008.26,1542298577186
1008.26,1542298577238
1008.27,1542298577309
1008.25,1542298577346
1008.25,1542298577390
1008.26,1542298577443
1008.27,1542298577488
1008.27,1542298577546
1008.26,1542298577605
1008.26,1542298577688
1008.25,1542298577707
1008.28,1542298577748
1008.27,1542298577804
1008.24,1542298577847
1008.24,1542298577899
1008.24,1542298577956
1008.26,1542298578011
1008.26,1542298578057
1008.25,1542298578097
1008.25,1542298578158
1008.24,1542298578199
1008.23,1542298578254
1008.23,1542298578302
1008.24,1542298578357
1008.26,1542298578408
1008.25,1542298578457
1008.23,1542298578522
1008.25,1542298578572
1008.23,1542298578608
1008.24,1542298578656
1008.26,1542298578711
1008.27,1542298578758
1008.27,1542298578809
1008.29,1542298578866
1008.28,1542298578912
1008.3,1542298578968
1008.3,1542298579012
1008.33,1542298579076
1008.34,1542298579190
1008.32,1542298579191
1008.32,1542298579233
1008.32,1542298579266
1008.33,1542298579311
1008.34,1542298579358
1008.35,1542298579412
1008.37,1542298579457
1008.37,1542298579512
1008.36,1542298579560
1008.35,1542298579608
1008.32,1542298579659
1008.32,1542298579710
1008.3,1542298579769
1008.28,1542298579812
1008.25,1542298579861
1008.28,1542298579921
1008.31,1542298579961
1008.33,1542298580011
1008.34,1542298580059
1008.37,1542298580113
1008.35,1542298580159
1008.34,1542298580223
1008.38,1542298580290
1008.4,1542298580316
1008.43,1542298580376
1008.43,1542298580421
1008.44,1542298580469
1008.45,1542298580519
1008.37,1542298580567
1008.32,1542298580618
1008.21,1542298580667
1008.16,1542298580714
1008.1,1542298580769
1008.09,1542298580817
1008.09,1542298580876
1008.11,1542298580932
1008.19,1542298580990
1008.24,1542298581026
1008.26,1542298581073
1008.28,1542298581124
1008.26,1542298581179
1008.23,1542298581343
1008.16,1542298581343
1008.11,1542298581343
1008.14,1542298581408
1008.24,1542298581424
1008.22,1542298581476
1008.19,1542298581521
1008.21,1542298581598
1008.21,1542298581626
1008.18,1542298581681
1008.19,1542298581729
1008.18,1542298581782
1008.23,1542298581828
1008.28,1542298581896
1008.29,1542298581932
1008.29,1542298581978
1008.25,1542298582042
1008.25,1542298582099
1008.25,1542298582140
1008.2,1542298582195
1008.18,1542298582250
1008.16,1542298582279
1008.15,1542298582331
1008.14,1542298582392
1008.15,1542298582433
1008.16,1542298582485
1008.17,1542298582531
1008.23,1542298582588
1008.25,1542298582632
1008.23,1542298582683
1008.21,1542298582755
1008.22,1542298582788
1008.2,1542298582834
1008.21,1542298582887
1008.32,1542298582943
1008.34,1542298582990
1008.39,1542298583079
1008.35,1542298583102
1008.33,1542298583150
1008.29,1542298583183
1008.24,1542298583294
1008.2,1542298583313
1008.18,1542298583364
1008.15,1542298583386
1008.17,1542298583449
1008.19,1542298583502
1008.19,1542298583563
1008.21,1542298583642
1008.24,1542298583643
1008.24,1542298583688
1008.26,1542298583736
1008.26,1542298583791
1008.31,1542298583843
1008.3,1542298583888
1008.31,1542298583937
1008.33,1542298583989
1008.3,1542298584037
1008.3,1542298584087
1008.29,1542298584140
1008.26,1542298584186
1008.28,1542298584236
1008.28,1542298584288
1008.29,1542298584342
1008.3,1542298584389
1008.32,1542298584446
1008.33,1542298584525
1008.36,1542298584542
1008.34,1542298584590
1008.34,1542298584644
1008.34,1542298584694
1008.32,1542298584748
1008.3,1542298584803
1008.3,1542298584858
1008.28,1542298584898
1008.26,1542298584972
1008.25,1542298584998
1008.23,1542298585047
1008.24,1542298585104
1008.24,1542298585159
1008.27,1542298585207
1008.3,1542298585250
1008.29,1542298585304
1008.25,1542298585358
1008.23,1542298585409
1008.24,1542298585464
1008.24,1542298585509
1008.22,1542298585558
1008.24,1542298585599
1008.35,1542298585656
1008.36,1542298585730
1008.36,1542298585758
1008.34,1542298585816
1008.3,1542298585872
1008.28,1542298585913
1008.22,1542298585953
1008.19,1542298586006
1008.17,1542298586110
1008.18,1542298586131
1008.2,1542298586154
1008.19,1542298586203
1008.22,1542298586258
1008.25,1542298586316
1008.29,1542298586373
1008.33,1542298586403
1008.34,1542298586454
1008.36,1542298586504
1008.34,1542298586558
1008.32,1542298586626
1008.33,1542298586658
1008.38,1542298586729
1008.41,1542298586779
1008.41,1542298586812
1008.37,1542298586861
1008.31,1542298586916
1008.36,1542298586971
1008.37,1542298587022
1008.34,1542298587083
1008.32,1542298587114
1008.31,1542298587165
1008.27,1542298587214
1008.25,1542298587271
1008.26,1542298587317
1008.27,1542298587401
1008.22,1542298587428
1008.12,1542298587469
1008.13,1542298587541
1008.16,1542298587570
1008.18,1542298587615
1008.2,1542298587672
1008.23,1542298587719
1008.24,1542298587795
1008.22,1542298587816
1008.26,1542298587873
1008.34,1542298587917
1008.27,1542298587966
1008.26,1542298588017
1008.27,1542298588091
1008.27,1542298588119
1008.23,1542298588170
1008.23,1542298588245
1008.23,1542298588271
1008.18,1542298588325
1008.15,1542298588456
1008.15,1542298588456
1008.15,1542298588472
1008.18,1542298588524
1008.2,1542298588581
1008.19,1542298588637
1008.19,1542298588677
1008.19,1542298588732
1008.19,1542298588780
1008.19,1542298588824
1008.21,1542298588894
1008.22,1542298588927
1008.24,1542298588975
1008.26,1542298589027
1008.28,1542298589079
1008.28,1542298589168
1008.29,1542298589181
1008.33,1542298589241
1008.3,1542298589281
1008.31,1542298589345
1008.32,1542298589379
1008.34,1542298589443
1008.33,1542298589480
1008.32,1542298589538
1008.32,1542298589582
1008.34,1542298589637
1008.36,1542298589684
1008.36,1542298589733
1008.37,1542298589789
1008.35,1542298589858
1008.32,1542298589889
1008.31,1542298589936
1008.28,1542298589985
1008.25,1542298590034
1008.23,1542298590084
1008.2,1542298590134
1008.19,1542298590188
1008.27,1542298590256
1008.29,1542298590285
1008.27,1542298590333
1008.22,1542298590386
1008.21,1542298590439
1008.2,1542298590652
1008.22,1542298590652
1008.22,1542298590653
1008.22,1542298590653
1008.24,1542298590693
1008.26,1542298590769
1008.26,1542298590793
1008.28,1542298590845
1008.29,1542298590892
1008.29,1542298590942
1008.28,1542298590993
1008.33,1542298591053
1008.34,1542298591104
1008.31,1542298591153
1008.29,1542298591195
1008.27,1542298591244
1008.28,1542298591295
1008.27,1542298591348
1008.29,1542298591397
1008.28,1542298591447
1008.28,1542298591523
1008.27,1542298591546
1008.28,1542298591593
1008.26,1542298591765
1008.28,1542298591765
1008.28,1542298591776
1008.3,1542298591799
1008.27,1542298591845
1008.25,1542298591898
1008.25,1542298591949
1008.29,1542298592017
1008.3,1542298592047
1008.28,1542298592095
1008.28,1542298592147
1008.28,1542298592204
1008.27,1542298592268
1008.28,1542298592301
1008.27,1542298592351
1008.27,1542298592399
1008.25,1542298592471
1008.26,1542298592505
1008.28,1542298592555
1008.31,1542298592614
1008.36,1542298592668
1008.34,1542298592732
1008.3,1542298592754
1008.27,1542298592805
1008.27,1542298592856
1008.26,1542298592908
1008.26,1542298592957
1008.27,1542298593011
1008.27,1542298593137
1008.29,1542298593137
1008.3,1542298593154
1008.27,1542298593208
1008.28,1542298593256
1008.29,1542298593337
1008.28,1542298593358
1008.29,1542298593410
1008.3,1542298593458
1008.29,1542298593512
1008.29,1542298593578
1008.28,1542298593613
1008.29,1542298593664
1008.3,1542298593712
1008.29,1542298593762
1008.3,1542298593813
1008.28,1542298593863
1008.28,1542298593913
1008.29,1542298593966
1008.28,1542298594016
1008.28,1542298594064
1008.29,1542298594121
1008.29,1542298594166
1008.28,1542298594217
1008.27,1542298594283
1008.28,1542298594321
1008.28,1542298594368
1008.28,1542298594416
1008.29,1542298594464
1008.26,1542298594523
1008.26,1542298594568
1008.26,1542298594617
1008.29,1542298594666
1008.28,1542298594721
1008.29,1542298594774
1008.29,1542298594813
1008.31,1542298594865
1008.31,1542298594945
1008.3,1542298594975
1008.3,1542298595017
1008.3,1542298595076
1008.3,1542298595116
1008.29,1542298595166
1008.25,1542298595215
1008.24,1542298595275
1008.27,1542298595317
1008.29,1542298595376
1008.28,1542298595424
1008.26,1542298595469
1008.23,1542298595584
1008.25,1542298595584
1008.27,1542298595624
1008.27,1542298595679
1008.27,1542298595721
1008.25,1542298595771
1008.28,1542298595823
1008.27,1542298595874
1008.26,1542298595929
1008.26,1542298596016
1008.29,1542298596027
1008.29,1542298596076
1008.35,1542298596138
1008.4,1542298596173
1008.38,1542298596227
1008.31,1542298596269
1008.31,1542298596336
1008.3,1542298596373
1008.28,1542298596423
1008.29,1542298596479
1008.28,1542298596525
1008.28,1542298596572
1008.29,1542298596641
1008.3,1542298596672
1008.3,1542298596727
1008.28,1542298596779
1008.26,1542298596831
1008.26,1542298596879
1008.23,1542298596928
1008.25,1542298596979
1008.24,1542298597030
1008.23,1542298597077
1008.27,1542298597140
1008.32,1542298597179
1008.37,1542298597237
1008.37,1542298597278
1008.35,1542298597342
1008.27,1542298597382
1008.25,1542298597433
1008.25,1542298597480
1008.23,1542298597532
1008.24,1542298597581
1008.25,1542298597629
1008.26,1542298597693
1008.29,1542298597732
1008.31,1542298597785
1008.31,1542298597832
1008.28,1542298597898
1008.28,1542298597938
1008.26,1542298597986
1008.27,1542298598037
1008.28,1542298598083
1008.27,1542298598135
1008.28,1542298598183
1008.27,1542298598241
1008.27,1542298598284
1008.29,1542298598337
1008.29,1542298598385
1008.29,1542298598492
1008.26,1542298598496
1008.26,1542298598555
1008.27,1542298598606
1008.28,1542298598639
1008.28,1542298598692
1008.29,1542298598749
1008.31,1542298598806
1008.3,1542298598846
1008.31,1542298598898
1008.3,1542298598948
1008.28,1542298599000
1008.3,1542298599048
1008.32,1542298599097
1008.32,1542298599152
1008.31,1542298599211
1008.32,1542298599252
1008.3,1542298599309
1008.32,1542298599351
1008.33,1542298599421
1008.32,1542298599452
1008.31,1542298599506
1008.3,1542298599556
1008.28,1542298599606
1008.28,1542298599664
1008.27,1542298599707
1008.3,1542298599760
1008.32,1542298599815
1008.28,1542298599866
1008.29,1542298600135
1008.3,1542298600136
1008.28,1542298600136
1008.28,1542298600136
1008.28,1542298600136
1008.28,1542298600164
1008.31,1542298600220
1008.31,1542298600263
1008.27,1542298600313
1008.25,1542298600365
1008.3,1542298600427
1008.3,1542298600472
1008.28,1542298600518
1008.26,1542298600600
1008.26,1542298600616
1008.25,1542298600666
1008.26,1542298600717
1008.28,1542298600767
1008.27,1542298600818
1008.28,1542298600871
1008.29,1542298600926
1008.29,1542298600968
1008.26,1542298601101
1008.28,1542298601101
1008.25,1542298601124
1008.27,1542298601174
1008.27,1542298601226
1008.26,1542298601275
1008.28,1542298601337
1008.28,1542298601431
1008.29,1542298601443
1008.29,1542298601509
1008.27,1542298601531
1008.29,1542298601588
1008.33,1542298601635
1008.34,1542298601733
1008.34,1542298601748
1008.31,1542298601798
1008.29,1542298601844
1008.28,1542298601889
1008.29,1542298601940
1008.26,1542298601987
1008.26,1542298602058
1008.26,1542298602122
1008.28,1542298602139
1008.28,1542298602189
1008.28,1542298602246
1008.33,1542298602294
1008.36,1542298602340
1008.33,1542298602399
1008.32,1542298602443
1008.32,1542298602494
1008.28,1542298602549
1008.28,1542298602601
1008.26,1542298602649
1008.31,1542298602697
1008.31,1542298602748
1008.32,1542298602796
1008.28,1542298602849
1008.26,1542298602893
1008.25,1542298602946
1008.23,1542298602994
1008.24,1542298603050
1008.26,1542298603231
1008.31,1542298603231
1008.31,1542298603231
1008.29,1542298603338
1008.29,1542298603338
1008.29,1542298603354
1008.33,1542298603399
1008.29,1542298603444
1008.3,1542298603505
1008.28,1542298603549
1008.26,1542298603616
1008.23,1542298603645
1008.24,1542298603699
1008.26,1542298603747
1008.25,1542298603802
1008.25,1542298603857
1008.27,1542298603909
1008.29,1542298603952
1008.28,1542298604023
1008.26,1542298604047
1008.26,1542298604101
1008.27,1542298604159
1008.3,1542298604211
1008.31,1542298604268
1008.31,1542298604299
1008.33,1542298604365
1008.38,1542298604424
1008.33,1542298604455
1008.3,1542298604518
1008.29,1542298604556
1008.28,1542298604608
1008.25,1542298604659
1008.28,1542298604709
1008.3,1542298604759
1008.33,1542298604818
1008.29,1542298604897
1008.28,1542298604911
1008.29,1542298604964
1008.29,1542298605009
1008.29,1542298605059
1008.29,1542298605108
1008.28,1542298605175
1008.28,1542298605209
1008.27,1542298605262
1008.26,1542298605316
1008.27,1542298605362
1008.27,1542298605416
1008.27,1542298605464
1008.26,1542298605515
1008.28,1542298605564
1008.32,1542298605615
1008.33,1542298605668
1008.31,1542298605730
1008.28,1542298605770
1008.29,1542298605814
1008.3,1542298605865
1008.3,1542298605915
1008.34,1542298605997
1008.34,1542298606014
1008.32,1542298606063
1008.33,1542298606111
1008.3,1542298606161
1008.28,1542298606211
1008.27,1542298606262
1008.3,1542298606314
1008.29,1542298606371
1008.27,1542298606414
1008.26,1542298606466
1008.26,1542298606515
1008.27,1542298606570
1008.28,1542298606617
1008.31,1542298606671
1008.3,1542298606723
1008.31,1542298606778
1008.31,1542298606824
1008.29,1542298606886
1008.29,1542298606993
1008.28,1542298606993
1008.27,1542298607025
1008.26,1542298607095
1008.29,1542298607127
1008.29,1542298607186
1008.33,1542298607218
1008.32,1542298607270
1008.3,1542298607323
1008.27,1542298607377
1008.33,1542298607427
1008.32,1542298607475
1008.32,1542298607522
1008.31,1542298607573
1008.29,1542298607631
1008.31,1542298607675
1008.3,1542298607730
1008.3,1542298607782
1008.27,1542298607830
1008.28,1542298607878
1008.29,1542298607929
1008.32,1542298608001
1008.29,1542298608066
1008.29,1542298608076
1008.26,1542298608153
1008.27,1542298608177
1008.26,1542298608231
1008.27,1542298608289
1008.28,1542298608340
1008.3,1542298608389
1008.3,1542298608434
1008.29,1542298608485
1008.29,1542298608536
1008.3,1542298608584
1008.3,1542298608635
1008.31,1542298608712
1008.31,1542298608735
1008.32,1542298608784
1008.34,1542298608839
1008.35,1542298608888
1008.4,1542298609083
1008.39,1542298609083
1008.29,1542298609084
1008.26,1542298609093
1008.23,1542298609137
1008.22,1542298609188
1008.25,1542298609249
1008.3,1542298609290
1008.3,1542298609343
1008.28,1542298609397
1008.26,1542298609442
1008.25,1542298609504
1008.28,1542298609550
1008.34,1542298609595
1008.35,1542298609644
1008.34,1542298609709
1008.34,1542298609747
1008.33,1542298609800
1008.31,1542298609858
1008.27,1542298609901
1008.26,1542298610064
1008.26,1542298610064
1008.24,1542298610065
1008.23,1542298610135
1008.27,1542298610149
1008.32,1542298610201
1008.32,1542298610267
1008.28,1542298610333
1008.29,1542298610347
1008.28,1542298610399
1008.29,1542298610455
1008.28,1542298610510
1008.29,1542298610553
1008.3,1542298610606
1008.29,1542298610661
1008.28,1542298610705
1008.29,1542298610753
1008.26,1542298610804
1008.27,1542298610855
1008.3,1542298610904
1008.3,1542298610961
1008.28,1542298611009
1008.29,1542298611059
1008.28,1542298611105
1008.27,1542298611159
1008.3,1542298611207
1008.29,1542298611312
1008.28,1542298611319
1008.29,1542298611358
1008.27,1542298611411
1008.27,1542298611468
1008.28,1542298611514
1008.31,1542298611562
1008.3,1542298611653
1008.29,1542298611667
1008.28,1542298611714
1008.26,1542298611782
1008.29,1542298611820
1008.26,1542298611871
1008.28,1542298611922
1008.28,1542298611973
1008.28,1542298612026
1008.3,1542298612072
1008.28,1542298612120
1008.3,1542298612174
1008.3,1542298612231
1008.29,1542298612273
1008.29,1542298612331
1008.28,1542298612375
1008.27,1542298612445
1008.27,1542298612474
1008.27,1542298612535
1008.29,1542298612586
1008.29,1542298612629
1008.29,1542298612717
1008.3,1542298612733
1008.27,1542298612783
1008.29,1542298612845
1008.27,1542298612881
1008.26,1542298612951
1008.26,1542298612985
1008.26,1542298613037
1008.27,1542298613086
1008.27,1542298613136
1008.28,1542298613187
1008.28,1542298613238
1008.29,1542298613288
1008.29,1542298613339
1008.29,1542298613392
1008.28,1542298613443
1008.28,1542298613497
1008.3,1542298613545
1008.28,1542298613607
1008.29,1542298613660
1008.29,1542298613701
1008.29,1542298613754
1008.27,1542298613814
1008.29,1542298613925
1008.29,1542298613925
1008.28,1542298613957
1008.28,1542298614001
1008.28,1542298614053
1008.29,1542298614120
1008.27,1542298614181
1008.27,1542298614203
1008.28,1542298614289
1008.27,1542298614304
1008.28,1542298614421
1008.28,1542298614435
1008.3,1542298614457
1008.29,1542298614509
1008.29,1542298614559
1008.28,1542298614607
1008.28,1542298614658
1008.28,1542298614709
1008.27,1542298614784
1008.29,1542298614807
1008.29,1542298614859
1008.27,1542298614910
1008.28,1542298614956
1008.27,1542298615057
1008.27,1542298615063
1008.29,1542298615106
1008.28,1542298615167
1008.28,1542298615208
1008.3,1542298615257
1008.33,1542298615306
1008.35,1542298615359
1008.33,1542298615411
1008.32,1542298615460
1008.31,1542298615513
1008.29,1542298615566
1008.28,1542298615618
1008.29,1542298615666
1008.28,1542298615748
1008.28,1542298615768
1008.27,1542298615815
1008.28,1542298615875
1008.29,1542298615922
1008.28,1542298615968
1008.25,1542298616043
1008.25,1542298616070
1008.25,1542298616115
1008.27,1542298616192
1008.28,1542298616222
1008.27,1542298616273
1008.29,1542298616340
1008.3,1542298616401
1008.3,1542298616424
1008.28,1542298616473
1008.29,1542298616530
1008.29,1542298616575
1008.3,1542298616689
1008.3,1542298616701
1008.3,1542298616728
1008.31,1542298616772
1008.3,1542298616826
1008.3,1542298616885
1008.3,1542298616923
1008.3,1542298616984
1008.28,1542298617031
1008.28,1542298617223
1008.28,1542298617223
1008.27,1542298617224
1008.31,1542298617238
1008.32,1542298617275
1008.31,1542298617357
1008.32,1542298617379
1008.29,1542298617438
1008.29,1542298617478
1008.31,1542298617535
1008.32,1542298617577
1008.3,1542298617629
1008.31,1542298617680
1008.29,1542298617744
1008.29,1542298617776
1008.28,1542298617835
1008.28,1542298617877
1008.28,1542298617929
1008.34,1542298617979
1008.33,1542298618040
1008.29,1542298618083
1008.28,1542298618129
1008.26,1542298618188
1008.27,1542298618233
1008.29,1542298618281
1008.32,1542298618332
1008.3,1542298618385
1008.31,1542298618433
1008.3,1542298618487
1008.32,1542298618581
1008.29,1542298618620
1008.27,1542298618640
1008.29,1542298618688
1008.26,1542298618742
1008.26,1542298618805
1008.26,1542298618843
1008.26,1542298618897
1008.27,1542298618942
1008.27,1542298619007
1008.29,1542298619042
1008.29,1542298619097
1008.29,1542298619142
1008.31,1542298619203
1008.31,1542298619244
1008.28,1542298619308
1008.27,1542298619343
1008.3,1542298619397
1008.3,1542298619451
1008.31,1542298619502
1008.32,1542298619550
1008.31,1542298619636
1008.3,1542298619658
1008.28,1542298619704
1008.27,1542298619753
1008.31,1542298619805
1008.31,1542298619855
1008.29,1542298619916
1008.28,1542298619960
1008.28,1542298620010
1008.31,1542298620063
1008.33,1542298620111
1008.3,1542298620165
1008.27,1542298620213
1008.26,1542298620263
1008.27,1542298620315
1008.29,1542298620366
1008.3,1542298620421
1008.28,1542298620467
1008.28,1542298620520
1008.27,1542298620569
1008.28,1542298620621
1008.29,1542298620670
1008.29,1542298620723
1008.25,1542298620781
1008.26,1542298620822
1008.27,1542298620876
1008.29,1542298620930
1008.26,1542298620974
1008.24,1542298621021
1008.24,1542298621075
1008.24,1542298621124
1008.24,1542298621197
1008.23,1542298621229
1008.24,1542298621278
1008.27,1542298621329
1008.3,1542298621380
1008.32,1542298621429
1008.35,1542298621479
1008.34,1542298621529
1008.35,1542298621585
1008.34,1542298621632
1008.3,1542298621683
1008.31,1542298621731
1008.33,1542298621784
1008.31,1542298621834
1008.3,1542298621889
1008.28,1542298621968
1008.28,1542298621986
1008.3,1542298622048
1008.31,1542298622083
1008.3,1542298622139
1008.28,1542298622187
1008.29,1542298622236
1008.27,1542298622289
1008.28,1542298622349
1008.27,1542298622403
1008.31,1542298622441
1008.31,1542298622496
1008.3,1542298622542
1008.29,1542298622593
1008.3,1542298622643
1008.32,1542298622694
1008.31,1542298622772
1008.32,1542298622795
1008.29,1542298622877
1008.32,1542298622896
1008.32,1542298622942
1008.32,1542298623022
1008.31,1542298623042
1008.32,1542298623091
1008.3,1542298623143
1008.32,1542298623197
1008.32,1542298623250
1008.32,1542298623295
1008.31,1542298623352
1008.31,1542298623406
1008.3,1542298623453
1008.29,1542298623505
1008.31,1542298623553
1008.29,1542298623604
1008.27,1542298623658
1008.29,1542298623776
1008.28,1542298623776
1008.3,1542298623806
1008.31,1542298623868
1008.29,1542298623910
1008.3,1542298623959
1008.29,1542298624009
1008.29,1542298624062
1008.29,1542298624112
1008.27,1542298624163
1008.28,1542298624212
1008.29,1542298624284
1008.28,1542298624318
1008.3,1542298624365
1008.3,1542298624429
1008.29,1542298624486
1008.27,1542298624515
1008.28,1542298624566
1008.29,1542298624620
1008.28,1542298624664
1008.29,1542298624715
1008.3,1542298624769
1008.31,1542298624819
1008.27,1542298624911
1008.27,1542298624925
1008.26,1542298624969
1008.28,1542298625016
1008.34,1542298625073
1008.38,1542298625118
1008.4,1542298625199
1008.41,1542298625217
1008.4,1542298625324
1008.38,1542298625324
1008.35,1542298625412
1008.34,1542298625418
1008.35,1542298625470
1008.37,1542298625519
1008.29,1542298625580
1008.25,1542298625624
1008.23,1542298625674
1008.23,1542298625725
1008.22,1542298625773
1008.25,1542298625824
1008.25,1542298625873
1008.27,1542298625926
1008.25,1542298625976
1008.28,1542298626037
1008.28,1542298626106
1008.3,1542298626123
1008.31,1542298626176
1008.29,1542298626229
1008.29,1542298626272
1008.28,1542298626325
1008.3,1542298626373
1008.29,1542298626423
1008.3,1542298626474
1008.29,1542298626536
1008.31,1542298626573
1008.31,1542298626625
1008.34,1542298626678
1008.34,1542298626730
1008.33,1542298626776
1008.32,1542298626828
1008.31,1542298626877
1008.32,1542298626928
1008.32,1542298626978
1008.31,1542298627027
1008.3,1542298627106
1008.3,1542298627137
1008.3,1542298627183
1008.29,1542298627232
1008.3,1542298627294
1008.29,1542298627342
1008.31,1542298627383
1008.29,1542298627431
1008.28,1542298627525
1008.3,1542298627547
1008.3,1542298627583
1008.32,1542298627632
1008.28,1542298627682
1008.25,1542298627737
1008.19,1542298627783
1008.17,1542298627840
1008.17,1542298627887
1008.2,1542298627960
1008.21,1542298627984
1008.2,1542298628048
1008.23,1542298628082
1008.25,1542298628133
1008.26,1542298628184
1008.29,1542298628235
1008.29,1542298628293
1008.26,1542298628380
1008.26,1542298628399
1008.27,1542298628440
1008.28,1542298628495
1008.28,1542298628539
1008.3,1542298628592
1008.3,1542298628644
1008.28,1542298628727
1008.28,1542298628747
1008.31,1542298628797
1008.32,1542298628851
1008.31,1542298628897
1008.33,1542298628948
1008.28,1542298628996
1008.29,1542298629045
1008.3,1542298629110
1008.31,1542298629153
1008.31,1542298629209
1008.33,1542298629246
1008.34,1542298629297
1008.33,1542298629356
1008.29,1542298629403
1008.3,1542298629448
1008.31,1542298629498
1008.29,1542298629554
1008.32,1542298629600
1008.39,1542298629648
1008.4,1542298629702
1008.34,1542298629749
1008.34,1542298629804
1008.35,1542298629851
1008.33,1542298629904
1008.31,1542298629950
1008.31,1542298630006
1008.32,1542298630064
1008.38,1542298630128
1008.35,1542298630152
1008.31,1542298630202
1008.28,1542298630254
1008.25,1542298630302
1008.24,1542298630352
1008.26,1542298630404
1008.3,1542298630475
1008.29,1542298630502
1008.32,1542298630563
1008.32,1542298630614
1008.33,1542298630658
1008.32,1542298630707
1008.3,1542298630762
1008.27,1542298630811
1008.28,1542298630867
1008.27,1542298630932
1008.27,1542298630966
1008.3,1542298631011
1008.28,1542298631079
1008.27,1542298631113
1008.26,1542298631162
1008.27,1542298631213
1008.26,1542298631265
1008.29,1542298631316
1008.3,1542298631365
1008.3,1542298631448
1008.29,1542298631472
1008.28,1542298631518
1008.27,1542298631568
1008.29,1542298631622
1008.3,1542298631668
1008.3,1542298631720
1008.31,1542298631769
1008.31,1542298631824
1008.31,1542298631874
1008.31,1542298631924
1008.29,1542298631981
1008.27,1542298632022
1008.27,1542298632099
1008.26,1542298632124
1008.28,1542298632181
1008.29,1542298632275
1008.28,1542298632284
1008.28,1542298632343
1008.3,1542298632382
1008.31,1542298632427
1008.31,1542298632477
1008.26,1542298632528
1008.27,1542298632575
1008.3,1542298632626
1008.28,1542298632674
1008.27,1542298632725
1008.28,1542298632773
1008.28,1542298632824
1008.31,1542298632879
1008.32,1542298632923
1008.29,1542298632973
1008.29,1542298633023
1008.31,1542298633073
1008.31,1542298633122
1008.28,1542298633172
1008.26,1542298633239
1008.3,1542298633275
1008.33,1542298633326
1008.31,1542298633380
1008.3,1542298633428
1008.29,1542298633482
1008.3,1542298633534
1008.32,1542298633583
1008.32,1542298633632
1008.34,1542298633683
1008.34,1542298633737
1008.35,1542298633805
1008.35,1542298633832
1008.35,1542298633885
1008.32,1542298633933
1008.28,1542298633983
1008.25,1542298634070
1008.25,1542298634084
1008.27,1542298634132
1008.3,1542298634184
1008.3,1542298634237
1008.29,1542298634289
1008.27,1542298634339
1008.27,1542298634388
1008.28,1542298634437
1008.27,1542298634487
1008.27,1542298634540
1008.28,1542298634590
1008.28,1542298634640
1008.29,1542298634692
1008.3,1542298634742
1008.31,1542298634791
1008.32,1542298634844
1008.3,1542298634891
1008.27,1542298634941
1008.26,1542298634993
1008.24,1542298635041
1008.25,1542298635089
1008.29,1542298635144
1008.31,1542298635225
1008.33,1542298635240
1008.35,1542298635292
1008.33,1542298635345
1008.34,1542298635393
1008.36,1542298635442
1008.35,1542298635492
1008.29,1542298635579
1008.27,1542298635603
1008.28,1542298635640
1008.28,1542298635698
1008.27,1542298635742
1008.27,1542298635792
1008.26,1542298635841
1008.26,1542298635894
1008.25,1542298635977
1008.27,1542298636003
1008.3,1542298636058
1008.3,1542298636093
1008.28,1542298636140
1008.3,1542298636215
1008.3,1542298636243
1008.31,1542298636309
1008.29,1542298636484
1008.3,1542298636485
1008.27,1542298636486
1008.27,1542298636496
1008.29,1542298636547
1008.29,1542298636601
1008.28,1542298636646
1008.28,1542298636697
1008.3,1542298636751
1008.29,1542298636806
1008.31,1542298636853
1008.31,1542298636904
1008.31,1542298636959
1008.3,1542298637000
1008.29,1542298637051
1008.31,1542298637121
1008.33,1542298637151
1008.33,1542298637202
1008.35,1542298637253
1008.35,1542298637321
1008.32,1542298637362
1008.3,1542298637410
1008.28,1542298637456
1008.29,1542298637535
1008.3,1542298637558
1008.3,1542298637615
1008.29,1542298637664
1008.28,1542298637718
1008.28,1542298637842
1008.28,1542298637843
1008.29,1542298637875
1008.31,1542298637915
1008.32,1542298637978
1008.36,1542298638014
1008.34,1542298638063
1008.33,1542298638113
1008.28,1542298638169
1008.29,1542298638249
1008.32,1542298638272
1008.33,1542298638324
1008.27,1542298638369
1008.26,1542298638419
1008.25,1542298638474
1008.26,1542298638525
1008.25,1542298638573
1008.24,1542298638622
1008.25,1542298638687
1008.26,1542298638723
1008.25,1542298638775
1008.25,1542298638845
1008.26,1542298638876
1008.29,1542298638923
1008.27,1542298638988
1008.27,1542298639023
1008.27,1542298639095
1008.28,1542298639124
1008.26,1542298639172
1008.28,1542298639225
1008.28,1542298639303
1008.3,1542298639327
1008.3,1542298639375
1008.3,1542298639446
1008.37,1542298639483
1008.35,1542298639528
1008.36,1542298639588
1008.35,1542298639628
1008.33,1542298639696
1008.32,1542298639732
1008.31,1542298639790
1008.28,1542298639830
1008.31,1542298639884
1008.32,1542298639932
1008.27,1542298639981
1008.31,1542298640029
1008.31,1542298640086
1008.29,1542298640189
1008.31,1542298640190
1008.32,1542298640233
1008.29,1542298640294
1008.29,1542298640337
1008.24,1542298640412
1008.23,1542298640436
1008.26,1542298640489
1008.27,1542298640544
1008.29,1542298640607
1008.32,1542298640640
1008.31,1542298640691
1008.29,1542298640746
1008.27,1542298640809
1008.27,1542298640846
1008.31,1542298640892
1008.32,1542298640940
1008.32,1542298640991
1008.29,1542298641063
1008.24,1542298641092
1008.26,1542298641177
1008.25,1542298641214
1008.25,1542298641245
1008.27,1542298641309
1008.27,1542298641378
1008.26,1542298641397
1008.27,1542298641445
1008.26,1542298641505
1008.27,1542298641547
1008.27,1542298641594
1008.25,1542298641651
1008.26,1542298641701
1008.26,1542298641766
1008.27,1542298641797
1008.27,1542298641852
1008.28,1542298641904
1008.28,1542298641954
1008.3,1542298642001
1008.35,1542298642052
1008.36,1542298642102
1008.32,1542298642152
1008.34,1542298642205
1008.34,1542298642249
1008.34,1542298642320
1008.32,1542298642353
1008.33,1542298642405
1008.29,1542298642459
1008.32,1542298642512
1008.31,1542298642556
1008.3,1542298642604
1008.29,1542298642661
1008.27,1542298642704
1008.29,1542298642756
1008.28,1542298642812
1008.28,1542298642870
1008.29,1542298642909
1008.31,1542298642960
1008.31,1542298643038
1008.29,1542298643058
1008.27,1542298643106
1008.27,1542298643156
1008.27,1542298643208
1008.27,1542298643258
1008.27,1542298643308
1008.27,1542298643381
1008.26,1542298643415
1008.29,1542298643460
1008.3,1542298643513
1008.28,1542298643639
1008.29,1542298643639
1008.29,1542298643678
1008.31,1542298643720
1008.31,1542298643763
1008.3,1542298643816
1008.29,1542298643870
1008.26,1542298643919
1008.29,1542298643968
1008.28,1542298644023
1008.29,1542298644079
1008.27,1542298644122
1008.3,1542298644172
1008.29,1542298644216
1008.31,1542298644271
1008.31,1542298644349
1008.34,1542298644378
1008.36,1542298644423
1008.32,1542298644532
1008.3,1542298644546
1008.3,1542298644579
1008.3,1542298644624
1008.34,1542298644719
1008.33,1542298644731
1008.34,1542298644785
1008.28,1542298644830
1008.28,1542298644888
1008.26,1542298644949
1008.23,1542298644978
1008.21,1542298645026
1008.21,1542298645077
1008.24,1542298645130
1008.23,1542298645176
1008.23,1542298645232
1008.26,1542298645281
1008.27,1542298645331
1008.28,1542298645383
1008.3,1542298645443
1008.31,1542298645483
1008.3,1542298645534
1008.33,1542298645584
1008.32,1542298645663
1008.31,1542298645690
1008.3,1542298645736
1008.3,1542298645788
1008.3,1542298645845
1008.31,1542298645886
1008.31,1542298645937
1008.29,1542298646009
1008.31,1542298646052
1008.31,1542298646110
1008.32,1542298646138
1008.31,1542298646189
1008.33,1542298646250
1008.3,1542298646305
1008.3,1542298646351
1008.29,1542298646392
1008.28,1542298646465
1008.29,1542298646587
1008.3,1542298646587
1008.32,1542298646711
1008.31,1542298646711
1008.31,1542298646722
1008.3,1542298646773
1008.3,1542298646799
1008.28,1542298646848
1008.3,1542298646899
1008.29,1542298646947
1008.27,1542298646999
1008.27,1542298647054
1008.3,1542298647099
1008.3,1542298647149
1008.28,1542298647196
1008.29,1542298647265
1008.31,1542298647298
1008.28,1542298647351
1008.28,1542298647399
1008.3,1542298647449
1008.3,1542298647502
1008.31,1542298647552
1008.32,1542298647604
1008.35,1542298647673
1008.35,1542298647728
1008.36,1542298647754
1008.37,1542298647806
1008.33,1542298647860
1008.27,1542298647908
1008.26,1542298647957
1008.26,1542298648008
1008.25,1542298648060
1008.26,1542298648108
1008.27,1542298648165
1008.26,1542298648230
1008.29,1542298648263
1008.3,1542298648309
1008.32,1542298648359
1008.29,1542298648454
1008.3,1542298648464
1008.3,1542298648509
1008.3,1542298648562
1008.28,1542298648613
1008.28,1542298648664
1008.29,1542298648736
1008.29,1542298648768
1008.28,1542298648817
1008.3,1542298648864
1008.32,1542298648917
1008.34,1542298648978
1008.34,1542298649013
1008.34,1542298649065
1008.33,1542298649134
1008.25,1542298649169
1008.24,1542298649219
1008.22,1542298649280
1008.21,1542298649319
1008.22,1542298649369
1008.22,1542298649422
1008.21,1542298649546
1008.26,1542298649546
1008.25,1542298649588
1008.29,1542298649622
1008.27,1542298649673
1008.27,1542298649725
1008.27,1542298649772
1008.29,1542298649831
1008.26,1542298649871
1008.25,1542298649922
1008.25,1542298649997
1008.26,1542298650090
1008.29,1542298650091
1008.28,1542298650134
1008.28,1542298650184
1008.35,1542298650226
1008.39,1542298650277
1008.41,1542298650332
1008.4,1542298650383
1008.36,1542298650426
1008.31,1542298650484
1008.28,1542298650544
1008.28,1542298650580
1008.28,1542298650628
1008.28,1542298650678
1008.28,1542298650733
1008.29,1542298650783
1008.31,1542298650832
1008.3,1542298650896
1008.32,1542298650935
1008.31,1542298650981
1008.31,1542298651032
1008.31,1542298651087
1008.33,1542298651129
1008.32,1542298651180
1008.29,1542298651239
1008.32,1542298651280
1008.33,1542298651331
1008.32,1542298651385
1008.33,1542298651474
1008.33,1542298651486
1008.33,1542298651534
1008.33,1542298651586
1008.31,1542298651635
1008.31,1542298651689
1008.31,1542298651737
1008.31,1542298651816
1008.31,1542298651845
1008.31,1542298651909
1008.29,1542298651943
1008.3,1542298651989
1008.28,1542298652047
1008.28,1542298652092
1008.28,1542298652141
1008.28,1542298652207
1008.29,1542298652246
1008.3,1542298652299
1008.29,1542298652345
1008.28,1542298652404
1008.29,1542298652461
1008.28,1542298652497
1008.28,1542298652546
1008.29,1542298652620
1008.28,1542298652653
1008.3,1542298652700
1008.29,1542298652755
1008.28,1542298652800
1008.3,1542298652855
1008.3,1542298652910
1008.29,1542298652965
1008.29,1542298653009
1008.29,1542298653057
1008.29,1542298653126
1008.28,1542298653183
1008.29,1542298653206
1008.3,1542298653258
1008.31,1542298653309
1008.32,1542298653359
1008.33,1542298653409
1008.32,1542298653463
1008.31,1542298653519
1008.31,1542298653565
1008.27,1542298653611
1008.31,1542298653662
1008.35,1542298653752
1008.34,1542298653762
1008.3,1542298653817
1008.31,1542298653865
1008.29,1542298653927
1008.31,1542298653964
1008.31,1542298654014
1008.33,1542298654066
1008.33,1542298654116
1008.34,1542298654170
1008.33,1542298654220
1008.31,1542298654281
1008.29,1542298654318
1008.28,1542298654383
1008.34,1542298654419
1008.33,1542298654474
1008.32,1542298654518
1008.32,1542298654575
1008.3,1542298654624
1008.3,1542298654673
1008.28,1542298654720
1008.25,1542298654778
1008.26,1542298654822
1008.3,1542298654873
1008.32,1542298654922
1008.3,1542298654971
1008.29,1542298655021
1008.34,1542298655071
1008.3,1542298655123
1008.31,1542298655174
1008.26,1542298655230
1008.28,1542298655276
1008.31,1542298655335
1008.26,1542298655385
1008.23,1542298655425
1008.23,1542298655477
1008.24,1542298655524
1008.26,1542298655576
1008.27,1542298655632
1008.28,1542298655697
1008.3,1542298655738
1008.3,1542298655783
1008.29,1542298655835
1008.3,1542298655883
1008.3,1542298655930
1008.33,1542298655982
1008.33,1542298656034
1008.33,1542298656086
1008.29,1542298656143
1008.3,1542298656187
1008.29,1542298656243
1008.28,1542298656284
1008.28,1542298656345
1008.28,1542298656394
1008.27,1542298656439
1008.32,1542298656490
1008.36,1542298656542
1008.36,1542298656592
1008.28,1542298656649
1008.3,1542298656691
1008.32,1542298656751
1008.33,1542298656799
1008.31,1542298656848
1008.31,1542298656899
1008.32,1542298656942
1008.3,1542298656992
1008.29,1542298657042
1008.26,1542298657118
1008.29,1542298657149
1008.3,1542298657194
1008.3,1542298657275
1008.32,1542298657294
1008.29,1542298657348
1008.29,1542298657399
1008.26,1542298657446
1008.28,1542298657498
1008.26,1542298657549
1008.27,1542298657605
1008.26,1542298657675
1008.35,1542298657719
1008.31,1542298657768
1008.31,1542298657819
1008.29,1542298657861
1008.26,1542298658108
1008.26,1542298658109
1008.26,1542298658109
1008.26,1542298658109
1008.26,1542298658109
1008.26,1542298658201
1008.26,1542298658215
1008.3,1542298658258
1008.3,1542298658310
1008.28,1542298658363
1008.28,1542298658414
1008.27,1542298658461
1008.27,1542298658512
1008.26,1542298658566
1008.31,1542298658611
1008.32,1542298658665
1008.32,1542298658709
1008.31,1542298658768
1008.31,1542298658816
1008.31,1542298658867
1008.31,1542298658912
1008.29,1542298658973
1008.25,1542298659010
1008.27,1542298659065
1008.31,1542298659117
1008.27,1542298659166
1008.29,1542298659220
1008.34,1542298659263
1008.33,1542298659317
1008.3,1542298659372
1008.26,1542298659537
1008.24,1542298659538
1008.24,1542298659538
1008.23,1542298659569
1008.24,1542298659621
1008.27,1542298659679
1008.28,1542298659721
1008.28,1542298659768
1008.29,1542298659834
1008.27,1542298659869
1008.28,1542298659918
1008.29,1542298659971
1008.3,1542298660019
1008.29,1542298660071
1008.29,1542298660123
1008.31,1542298660178
1008.32,1542298660231
1008.3,1542298660295
1008.3,1542298660324
1008.29,1542298660373
1008.25,1542298660425
1008.26,1542298660474
1008.27,1542298660527
1008.27,1542298660581
1008.29,1542298660638
1008.29,1542298660686
1008.31,1542298660731
1008.35,1542298660798
1008.38,1542298660833
1008.39,1542298660899
1008.3,1542298660935
1008.26,1542298660989
1008.21,1542298661033
1008.2,1542298661086
1008.2,1542298661138
1008.24,1542298661182
1008.24,1542298661254
1008.25,1542298661291
1008.28,1542298661332
1008.28,1542298661418
1008.28,1542298661434
1008.27,1542298661513
1008.28,1542298661542
1008.28,1542298661587
1008.26,1542298661640
1008.28,1542298661686
1008.27,1542298661737
1008.3,1542298661787
1008.28,1542298661952
1008.29,1542298661952
1008.29,1542298661953
1008.3,1542298662038
1008.3,1542298662051
1008.32,1542298662101
1008.3,1542298662148
1008.3,1542298662196
1008.31,1542298662244
1008.31,1542298662305
1008.31,1542298662351
1008.3,1542298662401
1008.3,1542298662449
1008.3,1542298662502
1008.3,1542298662557
1008.29,1542298662685
1008.29,1542298662685
1008.29,1542298662710
1008.29,1542298662781
1008.3,1542298662814
1008.28,1542298662860
1008.26,1542298662917
1008.26,1542298662972
1008.27,1542298663008
1008.28,1542298663058
1008.29,1542298663137
1008.29,1542298663166
1008.29,1542298663210
1008.29,1542298663276
1008.28,1542298663387
1008.3,1542298663387
1008.3,1542298663417
1008.31,1542298663484
1008.33,1542298663512
1008.32,1542298663562
1008.41,1542298663631
1008.44,1542298663751
1008.42,1542298663752
1008.37,1542298663765
1008.34,1542298663817
1008.31,1542298663868
1008.3,1542298663916
1008.28,1542298663969
1008.28,1542298664031
1008.28,1542298664066
1008.3,1542298664121
1008.32,1542298664178
1008.3,1542298664223
1008.31,1542298664272
1008.29,1542298664326
1008.27,1542298664371
1008.33,1542298664421
1008.31,1542298664473
1008.29,1542298664516
1008.27,1542298664586
1008.28,1542298664617
1008.3,1542298664674
1008.39,1542298664777
1008.39,1542298664777
1008.37,1542298664821
1008.34,1542298664874
1008.3,1542298664928
1008.24,1542298664977
1008.21,1542298665033
1008.21,1542298665075
1008.21,1542298665126
1008.22,1542298665171
1008.22,1542298665225
1008.23,1542298665278
1008.23,1542298665325
1008.25,1542298665399
1008.26,1542298665450
1008.27,1542298665478
1008.31,1542298665539
1008.29,1542298665578
1008.28,1542298665651
1008.28,1542298665680
1008.28,1542298665806
1008.28,1542298665807
1008.31,1542298665847
1008.31,1542298665882
1008.31,1542298665927
1008.27,1542298665977
1008.28,1542298666027
1008.28,1542298666081
1008.29,1542298666163
1008.27,1542298666179
1008.28,1542298666229
1008.29,1542298666314
1008.28,1542298666331
1008.28,1542298666383
1008.3,1542298666439
1008.3,1542298666482
1008.28,1542298666535
1008.28,1542298666584
1008.26,1542298666641
1008.28,1542298666685
1008.33,1542298666748
1008.4,1542298666790
1008.46,1542298666839
1008.4,1542298666885
1008.36,1542298666935
1008.32,1542298666985
1008.29,1542298667035
1008.29,1542298667117
1008.29,1542298667142
1008.29,1542298667195
1008.3,1542298667239
1008.31,1542298667299
1008.32,1542298667338
1008.33,1542298667408
1008.32,1542298667439
1008.34,1542298667497
1008.29,1542298667541
1008.31,1542298667601
1008.34,1542298667644
1008.31,1542298667704
1008.28,1542298667742
1008.28,1542298667806
1008.26,1542298667851
1008.26,1542298667891
1008.3,1542298667942
1008.32,1542298667990
1008.28,1542298668041
1008.28,1542298668089
1008.27,1542298668146
1008.28,1542298668240
1008.31,1542298668249
1008.32,1542298668297
1008.33,1542298668353
1008.28,1542298668404
1008.28,1542298668453
1008.29,1542298668517
1008.3,1542298668556
1008.31,1542298668604
1008.31,1542298668666
1008.32,1542298668703
1008.32,1542298668753
1008.3,1542298668807
1008.35,1542298668859
1008.36,1542298668909
1008.35,1542298668952
1008.32,1542298669028
1008.24,1542298669055
1008.24,1542298669112
1008.24,1542298669164
1008.25,1542298669206
1008.26,1542298669261
1008.27,1542298669305
1008.27,1542298669382
1008.29,1542298669408
1008.28,1542298669463
1008.28,1542298669516
1008.26,1542298669570
1008.29,1542298669617
1008.29,1542298669736
1008.29,1542298669736
1008.32,1542298669768
1008.39,1542298669814
1008.39,1542298669863
1008.35,1542298669915
1008.31,1542298669965
1008.29,1542298670014
1008.28,1542298670068
1008.32,1542298670118
1008.32,1542298670168
1008.34,1542298670218
1008.33,1542298670267
1008.3,1542298670320
1008.35,1542298670368
1008.33,1542298670442
1008.32,1542298670473
1008.29,1542298670523
1008.29,1542298670585
1008.27,1542298670625
1008.29,1542298670677
1008.27,1542298670731
1008.25,1542298670791
1008.27,1542298670832
1008.3,1542298670939
1008.28,1542298670939
1008.27,1542298670999
1008.29,1542298671034
1008.31,1542298671081
1008.34,1542298671128
1008.32,1542298671176
1008.29,1542298671261
1008.26,1542298671283
1008.28,1542298671335
1008.28,1542298671379
1008.31,1542298671428
1008.34,1542298671489
1008.31,1542298671536
1008.32,1542298671581
1008.3,1542298671671
1008.28,1542298671704
1008.26,1542298671757
1008.24,1542298671784
1008.23,1542298671845
1008.23,1542298671897
1008.26,1542298671945
1008.28,1542298672060
1008.28,1542298672081
1008.27,1542298672098
1008.29,1542298672138
1008.3,1542298672191
1008.29,1542298672252
1008.3,1542298672293
1008.3,1542298672345
1008.27,1542298672392
1008.27,1542298672460
1008.26,1542298672493
1008.27,1542298672560
1008.31,1542298672633
1008.3,1542298672656
1008.31,1542298672714
1008.34,1542298672751
1008.34,1542298672821
1008.36,1542298672850
1008.35,1542298672934
1008.36,1542298672952
1008.33,1542298673050
1008.33,1542298673053
1008.28,1542298673109
1008.27,1542298673152
1008.23,1542298673211
1008.25,1542298673271
1008.23,1542298673314
1008.23,1542298673355
1008.25,1542298673403
1008.25,1542298673458
1008.25,1542298673524
1008.25,1542298673557
1008.28,1542298673622
1008.27,1542298673660
1008.27,1542298673710
1008.27,1542298673778
1008.25,1542298673815
1008.25,1542298673861
1008.26,1542298673910
1008.27,1542298673958
1008.31,1542298674008
1008.31,1542298674063
1008.33,1542298674136
1008.34,1542298674165
1008.31,1542298674216
1008.29,1542298674267
1008.31,1542298674401
1008.26,1542298674401
1008.24,1542298674427
1008.23,1542298674464
1008.24,1542298674515
1008.23,1542298674592
1008.24,1542298674622
1008.24,1542298674667
1008.27,1542298674715
1008.29,1542298674767
1008.31,1542298674826
1008.32,1542298674866
1008.33,1542298674921
1008.32,1542298674964
1008.32,1542298675019
1008.31,1542298675065
1008.27,1542298675115
1008.25,1542298675179
1008.24,1542298675215
1008.23,1542298675272
1008.24,1542298675315
1008.26,1542298675366
1008.28,1542298675412
1008.31,1542298675586
1008.31,1542298675586
1008.33,1542298675586
1008.3,1542298675617
1008.3,1542298675692
1008.28,1542298675717
1008.28,1542298675775
1008.28,1542298675816
1008.26,1542298675878
1008.22,1542298675916
1008.21,1542298675970
1008.22,1542298676017
1008.23,1542298676077
1008.25,1542298676121
1008.29,1542298676172
1008.31,1542298676238
1008.32,1542298676272
1008.31,1542298676327
1008.31,1542298676379
1008.32,1542298676429
1008.3,1542298676485
1008.29,1542298676524
1008.28,1542298676574
1008.26,1542298676622
1008.27,1542298676685
1008.29,1542298676722
1008.28,1542298676838
1008.31,1542298676838
1008.31,1542298676886
1008.28,1542298676925
1008.25,1542298676976
1008.23,1542298677031
1008.23,1542298677153
1008.23,1542298677154
1008.24,1542298677187
1008.27,1542298677228
1008.32,1542298677277
1008.32,1542298677347
1008.31,1542298677382
1008.34,1542298677431
1008.33,1542298677480
1008.3,1542298677531
1008.31,1542298677606
1008.31,1542298677634
1008.3,1542298677682
1008.27,1542298677735
1008.3,1542298677786
1008.3,1542298677839
1008.33,1542298677889
1008.32,1542298677936
1008.34,1542298678034
1008.36,1542298678035
1008.36,1542298678115
1008.37,1542298678133
1008.37,1542298678184
1008.35,1542298678244
1008.35,1542298678299
1008.36,1542298678345
1008.38,1542298678390
1008.38,1542298678448
1008.41,1542298678492
1008.43,1542298678568
1008.43,1542298678592
1008.39,1542298678682
1008.31,1542298678695
1008.28,1542298678749
1008.26,1542298678799
1008.23,1542298678858
1008.22,1542298678894
1008.23,1542298678944
1008.23,1542298678998
1008.21,1542298679071
1008.21,1542298679103
1008.21,1542298679154
1008.2,1542298679226
1008.2,1542298679252
1008.2,1542298679299
1008.21,1542298679353
1008.12,1542298679510
1008.1,1542298679510
1008.1,1542298679518
1008.14,1542298679548
1008.21,1542298679610
1008.22,1542298679651
1008.22,1542298679702
1008.2,1542298679749
1008.21,1542298679802
1008.23,1542298679856
1008.26,1542298679899
1008.27,1542298679964
1008.28,1542298680021
1008.28,1542298680050
1008.29,1542298680100
1008.28,1542298680148
1008.28,1542298680200
1008.26,1542298680248
1008.28,1542298680299
1008.26,1542298680351
1008.27,1542298680399
1008.26,1542298680453
1008.26,1542298680499
1008.25,1542298680560
1008.26,1542298680621
1008.25,1542298680649
1008.26,1542298680699
1008.28,1542298680755
1008.27,1542298680801
1008.28,1542298680854
1008.28,1542298680915
1008.25,1542298680953
1008.26,1542298680999
1008.26,1542298681052
1008.26,1542298681099
1008.26,1542298681150
1008.28,1542298681200
1008.31,1542298681253
1008.31,1542298681308
1008.28,1542298681365
1008.25,1542298681401
1008.25,1542298681454
1008.27,1542298681509
1008.27,1542298681569
1008.25,1542298681677
1008.27,1542298681677
1008.3,1542298681723
1008.3,1542298681756
1008.32,1542298681809
1008.36,1542298681855
1008.39,1542298681905
1008.39,1542298681954
1008.32,1542298682007
1008.32,1542298682077
1008.31,1542298682104
1008.28,1542298682158
1008.25,1542298682230
1008.22,1542298682256
1008.23,1542298682307
1008.21,1542298682355
1008.2,1542298682404
1008.18,1542298682454
1008.19,1542298682504
1008.2,1542298682553
1008.18,1542298682625
1008.18,1542298682655
1008.2,1542298682748
1008.21,1542298682756
1008.18,1542298682816
1008.17,1542298682863
1008.21,1542298682909
1008.2,1542298682965
1008.21,1542298683010
1008.22,1542298683081
1008.25,1542298683109
1008.25,1542298683160
1008.24,1542298683210
1008.25,1542298683261
1008.23,1542298683312
1008.23,1542298683366
1008.25,1542298683413
1008.26,1542298683485
1008.27,1542298683515
1008.24,1542298683564
1008.24,1542298683618
1008.22,1542298683670
1008.24,1542298683726
1008.28,1542298683770
1008.3,1542298683822
1008.34,1542298683869
1008.37,1542298683926
1008.37,1542298683967
1008.34,1542298684019
1008.33,1542298684081
1008.31,1542298684118
1008.31,1542298684259
1008.32,1542298684259
1008.29,1542298684269
1008.29,1542298684319
1008.28,1542298684370
1008.23,1542298684422
1008.18,1542298684476
1008.17,1542298684524
1008.15,1542298684573
1008.16,1542298684623
1008.2,1542298684782
1008.2,1542298684783
1008.22,1542298684806
1008.21,1542298684825
1008.23,1542298684898
1008.19,1542298684930
1008.16,1542298684975
1008.14,1542298685036
1008.19,1542298685078
1008.22,1542298685352
1008.26,1542298685352
1008.28,1542298685352
1008.26,1542298685352
1008.27,1542298685352
1008.27,1542298685392
1008.27,1542298685436
1008.26,1542298685496
1008.26,1542298685547
1008.27,1542298685590
1008.27,1542298685667
1008.28,1542298685695
1008.27,1542298685746
1008.25,1542298685797
1008.26,1542298685845
1008.28,1542298685893
1008.34,1542298685968
1008.36,1542298685991
1008.37,1542298686044
1008.34,1542298686094
1008.33,1542298686153
1008.32,1542298686203
1008.29,1542298686248
1008.33,1542298686314
1008.32,1542298686353
1008.33,1542298686411
1008.3,1542298686454
1008.27,1542298686525
1008.24,1542298686551
1008.19,1542298686602
1008.13,1542298686663
1008.12,1542298686701
1008.1,1542298686758
1008.09,1542298686816
1008.12,1542298686850
1008.14,1542298686904
1008.14,1542298686949
1008.19,1542298687220
1008.2,1542298687221
1008.22,1542298687235
1008.24,1542298687235
1008.24,1542298687236
1008.24,1542298687250
1008.24,1542298687302
1008.23,1542298687620
1008.24,1542298687620
1008.24,1542298687620
1008.25,1542298687621
1008.28,1542298687621
1008.28,1542298687624
1008.29,1542298687654
1008.32,1542298687719
1008.31,1542298687786
1008.29,1542298687822
1008.28,1542298687862
1008.25,1542298687947
1008.24,1542298687968
1008.24,1542298688047
1008.25,1542298688059
1008.23,1542298688111
1008.22,1542298688178
1008.25,1542298688211
1008.28,1542298688266
1008.27,1542298688318
1008.3,1542298688365
1008.3,1542298688420
1008.29,1542298688469
1008.29,1542298688515
1008.29,1542298688565
1008.28,1542298688619
1008.26,1542298688674
1008.26,1542298688720
1008.25,1542298688775
1008.25,1542298688819
1008.23,1542298688875
1008.23,1542298688962
1008.26,1542298688975
1008.25,1542298689020
1008.22,1542298689068
1008.21,1542298689170
1008.17,1542298689194
1008.18,1542298689219
1008.2,1542298689273
1008.23,1542298689324
1008.24,1542298689376
1008.24,1542298689454
1008.26,1542298689477
1008.27,1542298689524
1008.24,1542298689574
1008.23,1542298689628
1008.22,1542298689682
1008.24,1542298689734
1008.25,1542298689778
1008.26,1542298689827
1008.26,1542298689876
1008.27,1542298689926
1008.27,1542298689978
1008.27,1542298690025
1008.27,1542298690087
1008.25,1542298690138
1008.25,1542298690185
1008.25,1542298690229
1008.26,1542298690280
1008.26,1542298690330
1008.28,1542298690384
1008.29,1542298690431
1008.29,1542298690479
1008.29,1542298690546
1008.28,1542298690578
1008.28,1542298690632
1008.29,1542298690680
1008.3,1542298690729
1008.31,1542298690797
1008.3,1542298690833
1008.3,1542298690893
1008.34,1542298690942
1008.3,1542298690991
1008.28,1542298691032
1008.27,1542298691079
1008.23,1542298691133
1008.24,1542298691317
1008.23,1542298691317
1008.25,1542298691317
1008.26,1542298691379
1008.25,1542298691403
1008.24,1542298691429
1008.24,1542298691487
1008.23,1542298691534
1008.25,1542298691591
1008.24,1542298691633
1008.25,1542298691686
1008.26,1542298691744
1008.27,1542298691785
1008.25,1542298691863
1008.27,1542298691887
1008.29,1542298691943
1008.32,1542298692026
1008.27,1542298692045
1008.21,1542298692089
1008.19,1542298692189
1008.19,1542298692197
1008.19,1542298692273
1008.22,1542298692314
1008.22,1542298692345
1008.22,1542298692392
1008.23,1542298692442
1008.22,1542298692493
1008.22,1542298692551
1008.22,1542298692592
1008.23,1542298692665
1008.24,1542298692710
1008.22,1542298692774
1008.21,1542298692798
1008.22,1542298692848
1008.23,1542298692898
1008.26,1542298692966
1008.28,1542298692997
1008.29,1542298693048
1008.29,1542298693106
1008.25,1542298693150
1008.24,1542298693208
1008.19,1542298693255
1008.15,1542298693310
1008.15,1542298693356
1008.16,1542298693403
1008.19,1542298693453
1008.22,1542298693514
1008.23,1542298693557
1008.25,1542298693618
1008.21,1542298693658
1008.2,1542298693711
1008.19,1542298693792
1008.19,1542298693818
1008.2,1542298693872
1008.28,1542298693937
1008.3,1542298693978
1008.33,1542298694052
1008.37,1542298694066
1008.35,1542298694135
1008.4,1542298694163
1008.37,1542298694238
1008.34,1542298694263
1008.32,1542298694469
1008.3,1542298694470
1008.28,1542298694470
1008.26,1542298694517
1008.27,1542298694572
1008.24,1542298694584
1008.25,1542298694683
1008.26,1542298694719
1008.41,1542298694733
1008.42,1542298694772
1008.37,1542298694825
1008.36,1542298694896
1008.34,1542298694927
1008.34,1542298694973
1008.31,1542298695029
1008.3,1542298695098
1008.29,1542298695123
1008.27,1542298695173
1008.25,1542298695226
1008.23,1542298695278
1008.24,1542298695337
1008.24,1542298695379
1008.25,1542298695431
1008.23,1542298695484
1008.24,1542298695560
1008.23,1542298695583
1008.25,1542298695628
1008.25,1542298695681
1008.23,1542298695763
1008.25,1542298695795
1008.26,1542298695835
1008.27,1542298695903
1008.28,1542298695940
1008.26,1542298695980
1008.25,1542298696074
1008.26,1542298696083
1008.25,1542298696136
1008.24,1542298696181
1008.24,1542298696233
1008.28,1542298696282
1008.3,1542298696337
1008.28,1542298696384
1008.27,1542298696437
1008.24,1542298696488
1008.22,1542298696537
1008.22,1542298696584
1008.2,1542298696656
1008.17,1542298696704
1008.16,1542298696737
1008.15,1542298696814
1008.17,1542298696837
1008.17,1542298696887
1008.19,1542298696959
1008.22,1542298696986
1008.27,1542298697036
1008.28,1542298697088
1008.27,1542298697141
1008.31,1542298697203
1008.31,1542298697252
1008.3,1542298697292
1008.26,1542298697340
1008.26,1542298697451
1008.25,1542298697466
1008.24,1542298697493
1008.25,1542298697538
1008.26,1542298697600
1008.29,1542298697640
1008.28,1542298697748
1008.29,1542298697765
1008.3,1542298697796
1008.3,1542298697858
1008.32,1542298697895
1008.33,1542298697977
1008.36,1542298697994
1008.33,1542298698046
1008.32,1542298698094
1008.26,1542298698159
1008.26,1542298698201
1008.24,1542298698255
1008.24,1542298698358
1008.24,1542298698372
1008.24,1542298698411
1008.28,1542298698482
1008.3,1542298698527
1008.34,1542298698563
1008.37,1542298698607
1008.34,1542298698656
1008.3,1542298698726
1008.29,1542298698755
1008.34,1542298698812
1008.26,1542298698857
1008.23,1542298698909
1008.22,1542298698958
1008.23,1542298699011
1008.24,1542298699089
1008.26,1542298699115
1008.28,1542298699163
1008.34,1542298699398
1008.33,1542298699398
1008.33,1542298699399
1008.29,1542298699399
1008.29,1542298699423
1008.29,1542298699473
1008.27,1542298699523
1008.25,1542298699577
1008.24,1542298699625
1008.25,1542298699664
1008.29,1542298699727
1008.29,1542298699769
1008.32,1542298699816
1008.34,1542298699873
1008.28,1542298699921
1008.29,1542298699972
1008.29,1542298700022
1008.28,1542298700072
1008.25,1542298700124
1008.25,1542298700169
1008.24,1542298700218
1008.26,1542298700266
1008.25,1542298700464
1008.25,1542298700464
1008.26,1542298700465
1008.28,1542298700468
1008.28,1542298700517
1008.32,1542298700602
1008.34,1542298700615
1008.35,1542298700667
1008.35,1542298700718
1008.33,1542298700769
1008.28,1542298700823
1008.28,1542298700868
1008.28,1542298700922
1008.29,1542298700972
1008.28,1542298701025
1008.28,1542298701082
1008.29,1542298701121
1008.3,1542298701172
1008.3,1542298701223
1008.28,1542298701279
1008.27,1542298701328
1008.23,1542298701399
1008.22,1542298701436
1008.22,1542298701478
1008.2,1542298701531
1008.23,1542298701589
1008.23,1542298701635
1008.25,1542298701691
1008.31,1542298701743
1008.31,1542298701809
1008.34,1542298701834
1008.34,1542298701898
1008.31,1542298701934
1008.32,1542298701984
1008.35,1542298702032
1008.38,1542298702086
1008.36,1542298702138
1008.33,1542298702186
1008.33,1542298702235
1008.34,1542298702293
1008.33,1542298702352
1008.33,1542298702389
1008.31,1542298702439
1008.31,1542298702496
1008.27,1542298702548
1008.36,1542298702594
1008.41,1542298702656
1008.41,1542298702706
1008.43,1542298702888
1008.36,1542298702888
1008.29,1542298702888
1008.23,1542298702936
1008.21,1542298702955
1008.19,1542298703010
1008.2,1542298703050
1008.22,1542298703097
1008.21,1542298703156
1008.22,1542298703203
1008.23,1542298703258
1008.24,1542298703315
1008.26,1542298703361
1008.28,1542298703396
1008.28,1542298703462
1008.31,1542298703503
1008.32,1542298703560
1008.29,1542298703599
1008.26,1542298703670
1008.27,1542298703698
1008.26,1542298703755
1008.27,1542298703815
1008.26,1542298703851
1008.27,1542298703897
1008.28,1542298703952
1008.29,1542298704002
1008.28,1542298704100
1008.29,1542298704108
1008.28,1542298704154
1008.31,1542298704204
1008.3,1542298704292
1008.32,1542298704321
1008.33,1542298704352
1008.34,1542298704457
1008.35,1542298704457
1008.36,1542298704504
1008.34,1542298704578
1008.32,1542298704610
1008.32,1542298704664
1008.33,1542298704707
1008.32,1542298704771
1008.31,1542298704813
1008.3,1542298704879
1008.3,1542298704909
1008.29,1542298704960
1008.3,1542298705016
1008.3,1542298705061
1008.3,1542298705110
1008.31,1542298705160
1008.31,1542298705209
1008.32,1542298705281
1008.32,1542298705314
1008.32,1542298705369
1008.34,1542298705426
1008.33,1542298705468
1008.3,1542298705521
1008.31,1542298705565
1008.31,1542298705636
1008.3,1542298705664
1008.29,1542298705717
1008.29,1542298705775
1008.29,1542298705838
1008.3,1542298705869
1008.31,1542298705915
1008.31,1542298705971
1008.3,1542298706019
1008.3,1542298706073
1008.3,1542298706115
1008.29,1542298706178
1008.3,1542298706233
1008.3,1542298706271
1008.31,1542298706325
1008.3,1542298706371
1008.3,1542298706423
1008.31,1542298706566
1008.31,1542298706566
1008.32,1542298706578
1008.31,1542298706657
1008.31,1542298706682
1008.32,1542298706731
1008.32,1542298706790
1008.3,1542298706835
1008.3,1542298706881
1008.3,1542298706928
1008.32,1542298706979
1008.3,1542298707034
1008.3,1542298707091
1008.31,1542298707135
1008.33,1542298707182
1008.31,1542298707256
1008.31,1542298707282
1008.29,1542298707333
1008.3,1542298707386
1008.27,1542298707434
1008.29,1542298707490
1008.3,1542298707542
1008.3,1542298707590
1008.3,1542298707638
1008.3,1542298707687
1008.3,1542298707753
1008.31,1542298707792
1008.32,1542298707861
1008.31,1542298707887
1008.28,1542298707948
1008.29,1542298707989
1008.29,1542298708280
1008.29,1542298708281
1008.31,1542298708281
1008.31,1542298708281
1008.3,1542298708281
1008.33,1542298708321
1008.33,1542298708348
1008.33,1542298708395
1008.32,1542298708450
1008.3,1542298708500
1008.31,1542298708556
1008.32,1542298708598
1008.31,1542298708654
1008.31,1542298708697
1008.31,1542298708745
1008.32,1542298708803
1008.32,1542298708848
1008.31,1542298708898
1008.3,1542298708947
1008.28,1542298709037
1008.21,1542298709051
1008.18,1542298709095
1008.18,1542298709165
1008.19,1542298709196
1008.22,1542298709246
1008.23,1542298709296
1008.24,1542298709368
1008.26,1542298709412
1008.27,1542298709452
1008.3,1542298709502
1008.37,1542298709649
1008.32,1542298709649
1008.29,1542298709667
1008.28,1542298709720
1008.23,1542298709778
1008.24,1542298709808
1008.23,1542298709886
1008.22,1542298709906
1008.26,1542298709957
1008.27,1542298710005
1008.26,1542298710071
1008.28,1542298710107
1008.28,1542298710153
1008.29,1542298710207
1008.3,1542298710256
1008.3,1542298710308
1008.29,1542298710362
1008.29,1542298710412
1008.3,1542298710462
1008.28,1542298710513
1008.3,1542298710612
1008.31,1542298710613
1008.3,1542298710677
1008.3,1542298710742
1008.28,1542298710759
1008.29,1542298710813
1008.29,1542298710940
1008.28,1542298710941
1008.29,1542298711004
1008.28,1542298711029
1008.3,1542298711066
1008.29,1542298711161
1008.3,1542298711186
1008.29,1542298711214
1008.29,1542298711267
1008.29,1542298711315
1008.3,1542298711364
1008.29,1542298711416
1008.29,1542298711478
1008.3,1542298711518
1008.32,1542298711566
1008.3,1542298711629
1008.31,1542298711691
1008.32,1542298711730
1008.32,1542298711763
1008.29,1542298711815
1008.29,1542298711881
1008.28,1542298711913
1008.27,1542298711965
1008.28,1542298712011
1008.3,1542298712063
1008.3,1542298712113
1008.31,1542298712164
1008.31,1542298712218
1008.3,1542298712264
1008.31,1542298712314
1008.3,1542298712366
1008.3,1542298712497
1008.31,1542298712497
1008.31,1542298712532
1008.32,1542298712564
1008.32,1542298712616
1008.33,1542298712671
1008.29,1542298712733
1008.3,1542298712769
1008.3,1542298712820
1008.3,1542298712888
1008.29,1542298712919
1008.31,1542298712977
1008.3,1542298713019
1008.28,1542298713071
1008.28,1542298713126
1008.29,1542298713169
1008.31,1542298713229
1008.3,1542298713270
1008.29,1542298713316
1008.32,1542298713369
1008.3,1542298713415
1008.31,1542298713467
1008.29,1542298713517
1008.31,1542298713565
1008.32,1542298713618
1008.31,1542298713740
1008.31,1542298713776
1008.31,1542298713799
1008.31,1542298713844
1008.29,1542298713875
1008.28,1542298713935
1008.3,1542298713983
1008.28,1542298714026
1008.29,1542298714073
1008.3,1542298714148
1008.31,1542298714208
1008.3,1542298714223
1008.29,1542298714266
1008.31,1542298714329
1008.28,1542298714375
1008.29,1542298714426
1008.29,1542298714469
1008.31,1542298714519
1008.31,1542298714569
1008.32,1542298714627
1008.3,1542298714675
1008.32,1542298714728
1008.32,1542298714773
1008.31,1542298714914
1008.32,1542298714914
1008.3,1542298714944
1008.3,1542298715003
1008.3,1542298715032
1008.3,1542298715086
1008.31,1542298715162
1008.3,1542298715177
1008.3,1542298715243
1008.3,1542298715290
1008.29,1542298715329
1008.29,1542298715388
1008.29,1542298715429
1008.28,1542298715486
1008.29,1542298715533
1008.29,1542298715623
1008.31,1542298715660
1008.29,1542298715685
1008.29,1542298715733
1008.28,1542298715786
1008.3,1542298715863
1008.31,1542298715884
1008.29,1542298715933
1008.3,1542298715988
1008.3,1542298716035
1008.31,1542298716088
1008.32,1542298716137
1008.33,1542298716185
1008.31,1542298716241
1008.31,1542298716307
1008.32,1542298716345
1008.33,1542298716391
1008.33,1542298716444
1008.31,1542298716488
1008.3,1542298716537
1008.29,1542298716610
1008.3,1542298716677
1008.31,1542298716688
1008.34,1542298716745
1008.34,1542298716810
1008.36,1542298716841
1008.35,1542298716893
1008.36,1542298716940
1008.33,1542298716989
1008.34,1542298717040
1008.31,1542298717096
1008.31,1542298717142
1008.28,1542298717198
1008.27,1542298717245
1008.28,1542298717297
1008.29,1542298717349
1008.29,1542298717404
1008.3,1542298717449
1008.33,1542298717534
1008.36,1542298717554
1008.36,1542298717620
1008.37,1542298717651
1008.35,1542298717760
1008.32,1542298717760
1008.31,1542298718364
1008.32,1542298718364
1008.3,1542298718364
1008.26,1542298718365
1008.25,1542298718365
1008.27,1542298718365
1008.25,1542298718365
1008.27,1542298718365
1008.28,1542298718365
1008.28,1542298718365
1008.31,1542298718365
1008.31,1542298718366
1008.33,1542298718414
1008.33,1542298718501
1008.3,1542298718514
1008.31,1542298718573
1008.32,1542298718612
1008.3,1542298718661
1008.33,1542298718708
1008.34,1542298718758
1008.33,1542298718812
1008.34,1542298718859
1008.33,1542298718921
1008.34,1542298718993
1008.33,1542298719012
1008.32,1542298719064
1008.33,1542298719109
1008.32,1542298719167
1008.31,1542298719209
1008.32,1542298719264
1008.35,1542298719346
1008.33,1542298719363
1008.32,1542298719412
1008.31,1542298719467
1008.31,1542298719512
1008.3,1542298719563
1008.3,1542298719616
1008.33,1542298719663
1008.33,1542298719723
1008.32,1542298719762
1008.31,1542298719833
1008.31,1542298719864
1008.3,1542298719916
1008.33,1542298719964
1008.34,1542298720014
1008.32,1542298720066
1008.31,1542298720115
1008.32,1542298720171
1008.33,1542298720215
1008.31,1542298720299
1008.34,1542298720320
1008.33,1542298720364
1008.31,1542298720416
1008.31,1542298720464
1008.31,1542298720515
1008.32,1542298720569
1008.3,1542298720634
1008.31,1542298720669
1008.32,1542298720725
1008.32,1542298720771
1008.3,1542298720820
1008.29,1542298720880
1008.28,1542298720919
1008.27,1542298720969
1008.29,1542298721026
1008.3,1542298721067
1008.32,1542298721128
1008.33,1542298721171
1008.34,1542298721227
1008.32,1542298721271
1008.32,1542298721321
1008.33,1542298721407
1008.33,1542298721425
1008.33,1542298721473
1008.33,1542298721523
1008.34,1542298721579
1008.34,1542298721629
1008.38,1542298721679
1008.37,1542298721725
1008.32,1542298721825
1008.31,1542298721830
1008.26,1542298721878
1008.26,1542298721924
1008.25,1542298721974
1008.24,1542298722024
1008.24,1542298722078
1008.26,1542298722134
1008.24,1542298722180
1008.25,1542298722235
1008.25,1542298722288
1008.29,1542298722334
1008.3,1542298722379
1008.31,1542298722433
1008.34,1542298722480
1008.33,1542298722533
1008.31,1542298722579
1008.3,1542298722633
1008.29,1542298722679
1008.26,1542298722734
1008.25,1542298722865
1008.23,1542298722865
1008.24,1542298722886
1008.24,1542298722960
1008.26,1542298722988
1008.29,1542298723031
1008.31,1542298723090
1008.32,1542298723133
1008.32,1542298723183
1008.29,1542298723233
1008.26,1542298723282
1008.25,1542298723355
1008.27,1542298723382
1008.29,1542298723434
1008.3,1542298723482
1008.28,1542298723532
1008.32,1542298723587
1008.32,1542298723646
1008.33,1542298723684
1008.33,1542298723737
1008.35,1542298723783
1008.36,1542298723847
1008.32,1542298723895
1008.3,1542298723955
1008.3,1542298723987
1008.29,1542298724041
1008.28,1542298724106
1008.26,1542298724137
1008.29,1542298724185
1008.27,1542298724235
1008.28,1542298724286
1008.29,1542298724339
1008.31,1542298724390
1008.32,1542298724441
1008.33,1542298724493
1008.35,1542298724537
1008.35,1542298724591
1008.35,1542298724652
1008.31,1542298724698
1008.29,1542298724740
1008.29,1542298724918
1008.27,1542298724918
1008.27,1542298724918
1008.26,1542298724944
1008.27,1542298724993
1008.3,1542298725045
1008.27,1542298725091
1008.28,1542298725142
1008.3,1542298725205
1008.26,1542298725253
1008.26,1542298725302
1008.25,1542298725347
1008.26,1542298725412
1008.24,1542298725457
1008.25,1542298725503
1008.27,1542298725569
1008.28,1542298725607
1008.29,1542298725649
1008.31,1542298725702
1008.31,1542298725749
1008.35,1542298725802
1008.38,1542298725854
1008.36,1542298725992
1008.33,1542298725992
1008.31,1542298726023
1008.28,1542298726092
1008.27,1542298726102
1008.3,1542298726188
1008.31,1542298726204
1008.36,1542298726253
1008.34,1542298726306
1008.33,1542298726373
1008.34,1542298726414
1008.33,1542298726458
1008.34,1542298726513
1008.36,1542298726560
1008.36,1542298726628
1008.34,1542298726661
1008.33,1542298726714
1008.34,1542298726778
1008.32,1542298726815
1008.34,1542298726878
1008.32,1542298726918
1008.3,1542298726968
1008.29,1542298727033
1008.3,1542298727065
1008.26,1542298727119
1008.25,1542298727170
1008.27,1542298727227
1008.29,1542298727272
1008.29,1542298727325
1008.26,1542298727435
1008.29,1542298727435
1008.29,1542298727480
1008.3,1542298727522
1008.31,1542298727571
1008.33,1542298727625
1008.32,1542298727683
1008.3,1542298727731
1008.28,1542298727788
1008.26,1542298727871
1008.27,1542298727884
1008.25,1542298727946
1008.25,1542298728008
1008.28,1542298728035
1008.28,1542298728086
1008.28,1542298728144
1008.28,1542298728196
1008.26,1542298728233
1008.26,1542298728297
1008.26,1542298728344
1008.25,1542298728398
1008.26,1542298728439
1008.26,1542298728526
1008.27,1542298728547
1008.26,1542298728683
1008.26,1542298728683
1008.27,1542298728699
1008.28,1542298728745
1008.28,1542298728795
1008.28,1542298728848
1008.27,1542298728896
1008.28,1542298728944
1008.27,1542298729004
1008.25,1542298729064
1008.28,1542298729101
1008.26,1542298729148
1008.27,1542298729201
1008.26,1542298729252
1008.27,1542298729305
1008.26,1542298729353
1008.27,1542298729409
1008.29,1542298729453
1008.33,1542298729507
1008.31,1542298729554
